5000
0.566408
0.858857
0.71185
0.371312
4.44639
9.61874
3.58514
3.63994
1.68191
5.51844
4.5609
5.65655
0.391085
7.07992
5.11492
1.18088
0.237945
3.53409
15.3117
1.67719
4.95641
4.23911
0.299402
10.5936
1.33816
0.401223
1.46803
5.45793
0.60335
1.32519
2.80178
12.2365
2.47725
3.47266
2.97151
1.14102
4.15972
0.917848
11.24
4.04721
10.4118
7.60067
0.459157
1.6013
3.38464
6.78633
0.941961
4.63856
0.000399658
8.7987
2.15838
4.11973
1.72029
0.467021
2.08839
2.29568
3.82947
2.54419
2.44119
6.87906
2.10953
0.762514
0.71692
10.7239
0.27857
6.46746
3.37141
3.85719
8.71822
5.87566
4.57475
6.40875
5.99823
3.77638
2.54745
0.243132
7.76748
1.20019
0.133155
1.77972
0.987922
1.06052
2.03659
2.33172
0.0598327
7.27138
0.448955
1.45454
0.520066
3.94309
1.13923
2.4138
0.411038
1.29409
5.57329
4.55404
6.45913
1.25828
1.70659
5.98278
1.06322
0.0156497
14.0536
6.65678
0.235468
2.58253
0.0508791
2.82718
2.83237
3.69645
2.62297
1.44562
6.29092
3.25808
2.91414
1.97728
13.3622
3.55043
2.38765
7.47275
5.75993
1.1922
5.27134
3.67614
2.49398
0.398515
4.75617
3.04987
2.19234
1.17648
11.8548
5.7751
1.27455
5.65846
9.55053
2.15394
0.773376
0.255136
2.97434
0.306232
0.113652
16.8399
1.01441
6.07601
0.853872
2.03676
9.47777
1.80606
0.0207919
2.76937
4.74869
1.42856
2.34292
3.203
2.25246
1.20601
7.4132
4.2656
6.01406
1.37267
3.23232
3.41746
2.44457
8.87458
3.56711
2.2608
1.29717
0.100161
0.593168
0.382472
6.36188
2.50497
10.5587
0.557038
7.8429
0.921609
6.61815
0.867508
3.64429
5.16417
4.79613
3.27426
0.510234
8.96452
1.88152
0.00136116
2.68009
8.90905
4.08143
1.79669
0.409725
4.23291
0.813945
1.56048
5.99358
3.51236
6.66808
0.57401
0.928615
3.96315
1.85741
0.494403
0.233566
13.3249
4.04275
0.787509
1.62372
2.62808
8.34362
2.73816
2.47826
0.00825459
3.13614
3.98365
0.168386
2.06183
14.2894
3.21525
15.2696
6.03072
3.55201
1.00962
2.96651
25.7334
0.896115
1.93513
0.880569
2.47138
4.35663
1.61077
1.55327
3.57166
1.55097
2.93485
2.79119
0.319746
1.63401
2.76417
1.8726
9.66212
8.00541
1.48541
2.62993
0.375051
6.77465
0.580934
1.95178
0.418062
1.11758
0.723885
0.681341
0.135535
1.77268
7.32007
0.785171
1.81161
8.99403
1.29596
0.0927744
3.67675
2.74832
5.62235
1.35222
0.277849
3.64858
0.0934091
3.36721
11.5636
2.53043
2.34328
2.3346
0.464947
4.62471
1.21497
1.39906
8.42115
2.35875
1.92254
1.6793
0.0997526
1.00828
4.94726
0.111405
2.7364
3.70458
0.324749
1.16094
2.67836
0.153778
2.1209
0.0963143
0.760907
13.6301
6.68341
0.302909
1.79327
1.14591
3.34277
11.1543
8.28313
2.66816
0.934878
4.47497
1.25909
0.401291
3.51065
6.41657
6.17726
3.81516
2.1603
3.94397
3.67661
1.284
1.15989
8.16453
0.761253
1.32879
1.51164
3.42737
1.82982
7.7828
1.09561
1.06517
8.43678
0.975123
6.20343
0.36592
1.87457
2.21937
1.82451
5.18612
5.30599
1.60236
6.27424
1.23502
0.610958
0.0972318
2.29846
3.18101
0.222936
0.603796
0.432937
2.61236
0.882788
5.46189
0.562592
3.38969
0.288528
9.98949
6.12484
0.997936
2.22193
8.56237
1.90532
2.52463
12.8244
1.21149
2.45588
7.68855
3.46786
0.02041
4.50225
3.62982
0.72643
0.418732
0.475088
1.30537
0.733308
8.89449
0.748719
5.7105
0.718197
10.3033
7.01573
3.39519
0.377072
2.979
3.67237
0.657133
0.0731442
3.15067
0.35126
7.13292
0.701981
1.66368
2.37962
1.63643
6.62822
2.46243
2.35217
1.35917
4.71859
10.9798
1.97847
0.898792
1.6139
5.9544
2.41742
6.42538
3.06427
1.51775
3.51681
3.90484
1.87335
0.116912
0.520168
0.356579
11.1398
0.0697913
5.97665
9.03435
0.17624
1.51733
1.41684
0.0502098
1.70806
0.621806
4.30205
1.21037
4.04239
3.76548
4.18907
15.959
0.428633
1.00144
0.49728
0.208152
1.81779
2.95335
7.25561
3.34231
0.439042
1.82901
3.09375
0.272058
9.78597
6.87834
11.6418
0.6107
15.8969
11.93
7.57315
0.0051216
3.0024
2.18707
5.04268
0.00423229
1.30476
0.59458
6.04668
1.19192
6.72765
1.53118
1.58458
4.0413
0.0523197
1.62195
0.690541
1.53043
0.144206
1.82038
12.4906
0.712758
3.77884
2.60783
7.48659
3.63326
0.135819
4.36208
8.34929
0.187014
2.21166
4.67209
3.06652
6.39075
9.35187
1.56456
1.65796
1.83217
2.95782
0.340051
0.403636
3.87511
1.95116
1.8078
23.7574
0.18592
2.36965
0.241
1.4469
7.95037
1.21435
0.872198
0.830723
0.208223
4.49935
5.46612
1.8462
1.90555
0.587992
0.3868
2.13031
3.66637
0.274106
0.129306
3.16863
0.205262
1.35785
1.96442
5.83741
1.0763
1.12632
3.59806
7.38487
1.13577
2.25927
2.05268
2.95453
1.27899
3.34218
7.16422
3.98584
1.88284
4.22176
0.810135
6.6652
0.348793
0.581409
1.54504
1.03047
1.841
3.80177
5.9382
1.0783
1.52754
0.269107
6.06417
0.687681
0.269495
2.77213
4.76767
4.8133
2.3866
1.33826
2.0878
8.7477
2.365
4.33248
6.70264
4.54157
2.53577
9.18564
6.79382
1.80463
9.2928
3.11194
0.242515
0.480455
5.5459
7.07585
0.694894
2.44094
1.02273
3.86669
0.179927
0.677309
0.332781
1.7672
0.0914893
3.56986
0.934143
0.0771781
2.81737
2.56017
2.55674
3.07789
2.74629
1.4605
0.0115361
1.27333
4.55184
11.6787
2.34325
1.9128
1.44643
1.81202
0.33329
3.36335
7.18474
1.57606
3.5553
12.3413
2.73666
0.853271
0.688614
4.89977
0.657537
3.46793
0.514423
1.24146
7.35487
4.64723
0.166664
2.89292
16.6388
0.630375
0.430487
0.476141
4.5327
7.03702
1.50695
13.7103
3.26346
4.83482
2.66555
1.66675
3.65137
4.94534
5.52912
1.29256
4.67633
9.89376
13.884
5.56969
0.826666
4.0142
6.55739
5.60618
4.29346
0.851283
4.16239
0.501106
15.4076
0.377125
5.62741
0.758834
12.0121
5.24579
1.43369
6.40899
26.7889
0.109295
4.53706
3.13289
1.21165
0.110703
1.12944
2.35827
1.00687
3.98454
1.88164
1.37607
3.6073
4.44993
4.28998
1.3287
0.254882
2.03949
1.09193
1.40015
1.92925
14.4965
7.36967
1.85012
2.61431
3.58134
0.306022
0.393081
2.02441
4.75389
5.12675
2.04257
2.50176
1.79975
9.14454
2.21184
0.788025
1.50655
4.55435
0.983252
1.46048
9.08771
1.21458
15.5648
0.558688
3.68065
0.333498
2.6192
5.19565
0.641092
0.111359
1.38585
1.17985
2.55787
0.71819
8.83859
7.35237
1.0973
0.792497
2.32966
10.4519
3.7365
0.109374
0.345418
2.25146
5.03809
5.34234
2.37397
3.16059
1.89527
2.34247
2.3966
2.94399
2.54914
17.3563
0.0286021
5.42287
2.99611
3.50834
5.17336
6.17796
0.957283
6.17597
3.22548
2.95694
1.15151
0.0278562
0.936356
0.588217
0.0653976
0.461132
4.01736
3.68673
1.08514
2.1552
2.13594
1.53231
7.16297
8.08728
5.6738
2.60501
2.19412
6.98552
17.0054
2.931
2.85199
2.3381
4.87504
5.35118
4.30977
0.485098
0.863541
5.14633
0.425357
1.37274
6.3094
1.10283
3.22271
1.15341
2.97358
2.62479
2.1101
4.17232
3.53066
14.6049
0.102106
0.918538
2.49399
0.542803
2.2524
0.544767
2.78961
3.97277
1.11709
2.08234
2.27021
11.3905
0.761297
2.33378
0.410419
3.83523
5.2532
1.12364
1.25507
3.52537
4.23448
2.1106
0.0885673
11.6439
2.58106
3.5811
3.83795
0.54932
1.00469
6.2736
5.37679
1.13317
2.13899
1.34418
5.66304
1.25053
1.7572
13.9655
0.453358
9.01713
5.18875
3.65389
0.0838984
0.329704
10.7588
7.40223
1.55935
1.48924
2.84246
0.733335
0.0971237
13.1324
2.93889
9.84424
5.70092
0.655518
3.14611
0.72269
2.50841
0.0712839
6.477
6.12252
1.32197
9.20294
6.9557
2.06741
6.30891
7.67592
7.22542
1.2338
0.115551
5.88875
1.99249
1.72768
6.1163
0.419491
1.57493
0.628896
0.715231
1.47783
4.22911
4.86557
2.26796
1.24913
3.97428
3.19664
0.981179
6.01549
2.83268
1.33054
0.423913
0.707978
8.92934
1.2865
3.16501
0.0927664
3.31954
8.0426
1.68801
7.49559
4.55738
0.804697
0.439822
4.32683
14.0452
0.445068
8.46943
1.00386
6.17732
4.42984
2.95812
4.32258
0.181319
2.59529
1.05713
1.81523
1.05599
1.60455
2.36269
0.273929
1.00233
1.4597
2.24331
0.624592
8.27071
9.10115
0.344838
10.6394
7.92575
0.198173
0.723046
8.13519
2.2255
19.3713
3.71149
3.22813
3.43732
1.38577
0.0677287
0.395475
4.33191
0.256693
2.5932
2.26516
1.12815
0.0572657
4.88918
3.27783
6.81682
0.800499
0.336433
1.42995
9.78908
5.15016
1.41958
5.53819
1.06807
0.664178
0.123837
1.08332
0.197287
0.640035
5.70648
1.78735
1.01038
1.3836
0.0379228
0.45604
0.931206
0.851625
15.0665
0.101108
2.99018
2.59898
4.09863
0.272046
7.51055
0.584991
8.82479
2.90194
8.06618
4.48658
5.60461
0.745851
4.01432
0.0658009
0.0865018
1.2019
7.88018
0.66515
7.80179
0.409599
0.620724
1.55379
0.973014
0.626482
2.39144
0.241266
2.64196
1.32869
0.0853783
0.0934854
12.8595
3.09662
5.00786
0.868283
2.79647
2.44756
0.268613
3.44178
1.44887
0.55533
8.00663
9.86445
3.31845
6.86813
0.311234
0.0750793
4.11503
1.98871
0.45452
6.09318
4.33856
1.359
0.726063
3.99154
0.610985
0.511658
6.2293
0.495767
4.8463
1.61383
3.32248
1.5843
6.17327
1.70831
7.47394
2.27981
0.0711576
0.999906
3.06467
0.508355
0.445669
2.11412
0.995362
0.664307
2.74921
4.78896
6.62077
0.438307
1.22824
1.07167
8.60208
6.46482
3.39455
9.61194
2.78553
6.27413
0.830439
13.9513
6.82297
1.86271
0.33729
0.264332
2.9832
0.991692
8.30808
4.60463
2.42686
2.63931
1.4522
4.41524
4.95843
0.234074
1.06598
5.21353
2.98993
0.076067
1.41843
0.372621
1.62581
6.45657
1.56586
1.5528
0.81656
1.28506
6.01332
4.08234
5.03865
1.93136
5.69436
14.5716
2.78189
11.2339
2.53157
0.599206
2.82618
1.84207
4.20364
0.306649
6.96602
0.909791
0.626192
1.40479
1.49881
2.77662
2.53012
5.35473
1.80413
2.34608
1.66831
1.37275
7.19158
3.01233
3.75088
4.52889
6.61799
0.380706
0.92914
3.28247
2.98137
2.4145
5.70377
6.68362
0.914717
1.73333
1.61727
0.0963267
1.02277
5.74308
3.60404
0.52395
4.70022
14.875
1.06746
0.0890389
0.660029
2.73673
1.60772
0.432716
3.08934
1.36135
6.35796
2.0813
4.41668
4.39412
10.7731
0.156648
3.56394
13.6335
0.728803
1.6051
0.520963
1.70187
8.14873
5.95998
1.66399
1.87819
3.73945
8.50875
10.441
0.00936966
9.45672
3.60623
8.0278
0.904346
14.5416
1.23663
3.08317
0.170358
2.22016
1.89101
2.90805
4.24292
2.61541
0.616687
0.428669
1.80766
3.28802
19.3563
1.61301
0.465643
3.78871
3.25285
3.77024
2.24283
11.9884
0.331283
6.7356
9.43819
3.77109
7.06141
13.5322
0.584495
8.10097
1.30033
2.49375
2.87511
2.1827
2.59065
3.58211
1.86945
0.310391
1.34631
5.48671
0.344108
5.21743
5.46684
0.525956
0.10709
2.16188
5.04152
4.00587
0.444808
5.80657
0.778817
0.0105954
5.67146
1.26205
0.0735614
2.83967
1.00563
0.942563
10.0147
5.30085
9.87768
1.78581
5.83679
4.21445
4.12417
11.5091
5.86993
3.105
1.51501
0.47783
5.66629
1.73648
3.10371
5.85845
1.09737
2.00056
1.19047
7.92855
2.10793
19.0235
4.47066
2.67454
2.57442
1.66463
1.37327
2.8969
1.46289
2.92431
3.53494
2.18494
1.10789
1.271
10.1197
0.718823
1.76728
0.999386
4.28013
1.81846
2.35816
14.9143
9.67735
2.52729
0.67916
1.86337
9.95481
0.719751
0.0922533
0.838434
0.914068
16.2604
3.42576
2.41306
1.49826
5.91263
3.96133
3.12249
7.01589
4.48786
2.53209
1.645
3.18706
4.88098
6.94684
3.28652
0.739386
2.96553
12.6501
1.26493
3.91409
10.5831
7.19693
7.00588
0.939638
0.825095
4.50989
4.98128
3.02609
2.67483
0.666549
2.06823
0.0279867
6.78503
1.42427
5.49335
4.62657
3.90107
2.27472
1.14878
2.92344
6.33495
1.95292
1.01277
9.05806
3.51831
1.29112
10.1733
1.51611
2.83616
4.8419
0.276868
1.21376
0.849964
4.57205
1.40539
1.12096
10.2537
0.899361
2.30905
8.5309
1.11149
7.89312
4.2548
2.22019
2.44664
7.35566
0.789028
0.764981
4.32232
4.0133
2.15601
2.90469
3.85772
4.97357
3.69214
1.37019
2.90171
1.96071
3.65862
0.00515574
4.70979
12.5302
2.53539
0.159938
4.66479
1.47821
8.11463
5.31169
1.65023
1.05546
2.16036
6.33842
0.560374
2.79692
2.35352
3.41284
0.540848
2.00571
1.05572
1.73103
3.49796
2.01009
0.351869
2.54318
0.598083
0.0302489
3.47556
4.56822
1.47007
0.968208
3.93105
2.40874
8.95592
0.883847
4.6902
1.85316
0.384528
4.06691
3.47
6.07692
15.1345
1.7317
3.28788
4.83931
11.048
2.49558
7.24006
0.783461
6.4195
0.27044
4.83873
1.0107
2.35053
1.2062
2.53082
1.89121
0.468408
1.14407
1.10624
2.67101
3.2841
3.63641
1.73511
3.10376
8.10334
1.99088
0.0783838
0.849135
3.27543
1.37793
3.87784
5.03255
2.23995
3.95503
6.12165
3.06862
0.120443
2.62504
0.125194
2.83206
14.2526
3.20315
5.16914
0.793453
0.554659
0.552818
3.20201
3.01315
1.36231
12.3039
0.940396
17.7516
3.3043
2.3055
0.338952
1.33125
2.10925
2.17913
1.38042
4.44172
3.59833
1.47978
6.12544
4.85368
0.889746
4.5568
2.09121
9.50645
2.78933
0.22993
3.5684
4.39809
1.63898
2.52238
4.52793
3.0327
7.55781
2.54174
5.72581
2.64892
0.0160478
7.56939
8.91062
1.13609
3.1609
0.113993
2.99565
4.08183
0.00851617
6.52338
3.1161
1.15913
1.21722
10.0773
5.87088
2.04121
7.65907
6.06012
4.63796
0.959059
1.31367
3.03913
7.11529
0.468197
1.75014
2.11362
10.3846
0.731005
10.5381
1.19777
5.75678
1.59915
0.23818
4.12602
4.13789
0.732779
6.97147
5.69446
0.274713
4.54951
8.68364
16.8294
6.384
4.2874
3.97968
9.42795
1.44887
0.551576
2.48652
2.67608
10.518
2.61072
2.2014
2.5471
1.07394
10.9149
5.03473
10.8458
9.77656
0.364239
0.537688
1.93874
0.717088
3.30936
9.33958
1.11321
9.26017
2.59485
1.05658
2.11668
11.9967
1.69962
0.919948
4.44015
2.50822
3.00785
2.74916
3.45774
9.9892
4.80195
4.14663
0.184306
0.530726
4.54068
1.50317
0.636722
2.80521
1.56312
10.9315
1.20384
2.27689
4.31042
0.159544
9.41984
4.21958
0.270451
5.58971
4.61917
0.769011
1.02154
1.84366
0.837163
1.94005
5.79703
2.25082
0.577943
1.02362
7.20485
4.56079
3.76075
9.60477
1.44057
5.28568
7.49734
4.42367
0.836454
4.75429
1.0501
1.88293
9.83208
1.20585
1.38529
2.29164
3.15365
8.17125
1.38566
4.09397
0.486692
7.43822
0.380876
11.7923
2.97376
7.97057
1.10604
6.11873
0.557772
8.07291
10.158
1.37133
1.06245
1.22502
1.71498
2.67859
2.95387
10.2178
13.4113
5.26741
2.15584
0.469526
12.6772
5.51644
4.7226
11.7781
0.876784
1.59422
0.283852
1.01244
4.4697
1.02448
11.789
0.0482873
1.16539
6.67254
1.42445
1.57004
0.716519
1.68957
2.37849
3.31456
3.52542
5.47155
7.43825
0.459262
5.78486
1.24208
10.5898
1.99328
2.75095
2.76804
6.85765
25.8486
2.99266
3.12133
2.98717
1.65858
1.14407
1.03325
1.37629
1.5373
1.32916
2.94412
5.16126
2.81565
6.04817
2.8998
1.86615
5.51541
4.34588
2.32115
7.97312
2.62409
7.29179
1.56101
2.23747
1.72376
1.33097
2.49794
1.90614
6.03716
0.58003
4.79715
6.45033
3.3817
2.44837
17.2148
0.528215
1.57643
5.22878
0.144296
6.01912
4.01244
0.604812
0.88217
2.30628
0.165734
1.26664
1.72194
12.6022
0.216362
2.47737
7.89782
0.245462
1.37836
0.171812
0.447989
1.04574
8.84223
1.13099
7.66325
0.266255
0.514751
3.77527
4.12317
2.29065
0.404327
3.46559
12.4172
0.578746
2.59414
3.41726
0.540645
3.21533
0.581302
8.99078
0.423146
8.79781
0.425227
5.20348
3.96512
2.14555
1.78561
0.945215
3.87492
0.475499
0.126134
8.48463
4.56807
0.558325
0.629633
0.538434
2.42553
1.40941
0.715008
2.21922
0.0448343
8.89448
0.734093
13.7015
5.05396
5.82138
4.33045
0.108662
5.28136
1.26599
0.753772
1.69492
1.49583
0.805746
0.441292
9.54297
0.315909
2.77802
2.84803
0.171614
0.842512
3.47354
0.509201
3.53713
1.26025
0.0282032
7.65307
3.14839
3.58148
1.37334
5.41342
9.12149
1.37436
0.300605
1.02649
0.642191
1.94964
0.940626
6.37578
1.3888
6.20968
0.752407
0.360618
2.17352
6.87676
8.1318
7.3309
3.33119
2.5686
12.1914
7.94728
5.03351
2.86698
1.14428
13.573
0.913777
8.53816
1.33811
11.008
1.10255
3.45353
1.82392
0.231715
3.789
0.290936
3.07629
1.54809
3.95383
11.6856
3.80963
2.64195
1.25092
4.03075
0.0618057
0.719292
0.925371
4.51901
6.08198
1.05346
1.58906
1.43858
1.95436
0.803914
0.490552
23.7372
9.94443
1.15635
4.48145
11.8192
17.3093
1.86605
2.3636
1.24925
0.271022
1.41854
2.09249
1.24449
0.221318
6.96584
0.420743
4.13318
1.06316
5.50656
8.49562
1.74542
4.20508
0.680037
7.5412
1.20666
0.296578
2.39102
0.23198
6.74975
6.20518
2.63292
7.16553
2.37357
3.59812
13.5722
0.540435
4.67695
4.48
0.109413
1.12441
20.7493
0.98774
3.21338
1.88065
2.80929
0.563727
1.06752
0.973237
12.8663
1.87814
2.50512
1.28674
1.80764
2.70968
4.30207
1.36376
3.74444
0.531249
7.55242
2.62857
0.0708159
3.58366
0.333764
4.09805
0.82264
1.83184
3.68912
1.09102
0.585178
3.96368
0.935258
0.451192
5.37688
1.57491
0.413485
4.8976
3.27018
1.96346
0.726296
3.12484
2.2806
0.0442197
0.024834
6.2166
6.14313
2.22269
6.98526
5.98004
7.23997
0.543399
9.21903
1.93418
3.37084
3.41254
3.18156
0.4632
1.71757
0.609893
4.61366
0.454434
2.17915
1.63446
7.78217
9.99013
0.0178322
1.86271
0.269125
8.18408
1.16067
3.27002
0.495603
0.242073
0.545451
1.56352
0.716867
4.81834
3.25765
4.94467
27.7135
7.44953
2.99445
0.986682
5.14853
2.67047
1.88877
1.28832
3.75235
0.540053
0.624379
0.184027
7.08066
0.946915
8.0277
0.698957
2.37695
7.0743
0.76444
3.42083
3.18193
6.4876
5.90891
1.66586
0.0632408
10.866
1.32945
2.61333
1.91309
0.572294
0.948141
1.728
4.84177
8.59763
0.0434984
3.09323
0.198007
1.98967
4.59293
1.74863
0.202848
1.72093
0.0223816
0.502071
0.00169906
0.59728
5.00183
1.20146
1.70514
2.64716
0.185891
1.54782
6.70412
5.17983
8.49175
4.90456
6.52237
6.49467
0.468669
1.63581
11.4641
4.14135
1.19041
3.95646
0.187092
6.0933
5.82689
4.3991
4.97073
1.58649
2.47389
3.77644
3.33167
1.94105
2.99021
3.11617
1.93745
3.635
15.3613
1.55465
7.59228
2.62215
2.13844
7.58093
1.18951
3.0763
1.60244
0.262139
5.72616
6.77512
2.29192
1.16868
0.760597
5.32132
2.3962
3.37588
6.76274
7.59393
1.97403
0.363505
11.8345
2.41633
0.821445
7.11353
0.0695106
2.40563
1.79438
2.35368
0.0753567
18.5797
5.89393
0.201359
3.53483
1.1595
2.97355
2.13153
6.76038
0.96881
7.0445
0.593103
6.34011
2.27704
0.293468
5.15899
0.197879
6.70258
3.99652
5.81562
2.13737
0.278079
3.83787
0.0414508
7.21017
14.625
2.474
9.37529
0.40137
12.6383
5.05316
8.06719
0.813418
1.52702
2.25703
5.81198
0.550687
6.8754
15.17
3.54823
3.78817
4.52397
1.5903
0.460411
3.64927
0.747849
1.98558
3.20889
5.59562
2.28029
0.851444
1.25721
5.41904
3.82555
0.887909
7.55027
1.4309
10.4545
1.14899
1.13571
1.16
1.26563
14.4933
3.57809
2.27514
1.37018
2.78476
0.63029
5.24162
6.86822
0.551219
0.159203
1.59406
3.17245
2.21925
0.374427
0.631714
2.33443
4.17445
4.79904
0.572004
0.19666
1.34912
11.4653
8.70603
10.997
0.0254991
0.00670147
0.567387
0.838412
0.550942
8.30829
6.0444
1.45445
6.37697
1.01824
2.96669
1.58174
18.2385
1.23047
5.62564
2.38197
0.26349
6.10628
4.48455
0.34668
11.7693
4.91332
0.726713
0.84509
1.55684
3.6798
3.78971
0.910604
0.660775
2.49834
1.59515
8.01962
1.043
0.470948
9.9603
4.45129
2.70766
0.92777
2.91664
3.65495
5.76957
0.815927
7.98012
11.8741
8.92468
2.87633
0.168649
3.66626
7.66252
3.98049
0.703989
1.08261
2.70063
3.58929
5.6061
3.55377
1.32769
5.11085
4.94471
0.165737
1.35004
11.2882
11.8188
9.40743
3.72114
3.3388
3.44412
2.77232
0.668528
1.25718
4.15758
0.358468
0.562762
1.33236
0.274292
6.84838
4.42928
5.99832
4.66226
0.542508
1.06146
4.99555
0.21089
5.42755
1.47001
0.212545
1.08902
0.420684
2.04204
0.400686
0.14714
8.8094
3.32181
0.431765
2.79348
0.180681
3.33595
1.50483
1.50965
1.90601
2.14316
0.65942
0.451349
2.06149
0.269097
5.24977
3.26182
3.63665
5.58002
1.22158
4.55419
0.132878
0.437457
4.14284
2.2261
2.73624
1.17164
1.61036
0.347395
0.276719
3.49959
1.36658
6.35545
2.3737
10.4698
11.9886
0.449737
3.59733
3.33129
4.43356
3.30185
8.55445
0.456874
4.85085
6.17755
8.11922
10.2317
2.92578
4.17831
1.59262
0.796019
11.7547
1.37636
2.93802
0.549824
1.35269
3.44247
3.0062
0.74526
1.72526
4.67071
6.46115
6.40401
0.644658
1.17422
0.817248
8.98093
2.32086
0.733109
0.562541
1.87328
6.54952
15.718
3.00182
1.11654
2.63977
1.54956
0.800984
10.0044
10.0297
7.62931
4.67679
2.52858
0.672398
3.61531
1.97011
1.729
3.97647
13.8076
5.22126
9.07837
10.2191
1.25671
0.488046
2.70385
5.5825
4.44189
7.22385
1.46416
3.05595
3.91557
1.09271
0.302232
1.90162
0.885141
2.92097
3.983
0.170288
0.564126
7.86359
5.12175
7.46993
0.783948
4.34155
2.24984
3.83236
0.667778
1.38122
1.34
0.491368
1.82259
1.18376
10.2329
7.53983
2.6226
2.39444
1.48641
3.86126
1.81441
9.45563
1.21163
13.5651
2.05035
1.44452
1.33401
2.41506
0.586861
2.52084
0.478914
1.47017
2.88887
2.18342
1.66479
5.69133
0.46358
14.9385
2.96098
3.25982
6.75018
0.494027
2.397
2.74483
0.586087
1.61181
2.46912
1.50097
1.17384
8.01772
1.43222
0.603133
2.00077
6.93133
1.52391
5.83727
0.499546
2.38556
5.71648
5.58156
5.71285
1.74439
4.01908
1.1347
4.81844
4.63115
2.64932
8.13902
1.09806
6.68814
2.07537
20.1344
3.68155
3.14268
2.23191
1.24926
0.447757
1.1389
1.45324
0.0669344
1.5889
6.94903
0.194546
4.48358
5.72044
2.49225
0.158677
10.7929
1.84941
2.35661
0.742516
4.65914
0.712161
1.35762
4.13849
0.280376
6.66312
3.26173
2.30161
1.93174
7.19761
1.17697
3.72107
2.47745
0.315571
0.230027
0.265163
1.1329
2.49435
15.0912
3.39122
6.87543
0.0110213
6.43908
0.192262
1.46364
8.96044
8.11163
1.55735
0.756601
1.40996
11.0423
1.41038
1.28125
0.491297
0.400169
6.14479
6.68921
0.786857
7.23593
4.09776
5.31362
1.77746
4.26121
3.09161
6.00264
2.24011
0.258927
2.35021
2.52275
3.03104
2.70012
2.51606
10.1388
1.05663
3.46349
0.81578
1.44645
2.15586
0.635473
2.79313
1.22426
5.56999
2.448
0.433232
5.21626
2.59777
9.34724
6.04458
2.38088
1.94209
1.95762
0.607348
2.16893
0.0110312
7.67432
0.0548159
0.675349
1.42737
4.03799
20.1021
0.592393
11.1811
0.739532
0.519692
0.467706
1.39221
5.90342
2.45741
2.76786
2.23335
9.36635
0.594149
0.283312
6.83064
3.66807
10.2602
7.51133
3.09852
2.67745
0.110775
3.32909
3.52013
2.49516
8.02865
3.58877
7.66087
5.53863
4.25751
1.39527
4.0063
5.18105
0.9766
0.767124
13.7953
3.47841
5.4615
4.89269
5.2957
2.40445
2.82741
0.145316
2.55498
2.46658
1.44663
0.0863527
3.1384
0.348839
1.52516
4.20107
1.63028
1.2657
1.00755
0.510861
2.60774
3.95027
2.018
2.17862
0.0387785
0.723109
0.559505
18.3881
0.509442
3.53885
1.27621
1.4851
2.71755
0.428044
4.83474
2.01893
14.1406
1.19705
1.44414
0.422833
3.111
0.847277
3.24692
1.89918
1.81218
2.67414
3.45899
0.694326
1.09425
2.42733
3.83148
5.0111
9.79792
1.55044
8.42861
4.38695
0.465205
5.93325
8.52225
3.5731
6.41377
3.90756
4.07425
3.55876
13.3746
10.3914
6.92329
0.0702303
7.56454
0.97299
0.277183
4.13723
0.868441
0.546806
9.28826
0.19319
2.89033
2.744
1.32867
14.5032
1.75543
6.73102
4.45048
2.10117
0.84323
1.45646
0.868826
3.09023
0.307175
0.683358
0.0236091
15.9254
1.87712
3.55084
0.826274
0.764982
4.38465
12.4027
0.515663
2.01937
0.62347
1.76323
2.5185
3.76761
0.703052
3.09887
0.895662
4.69612
6.70819
3.68871
3.08844
2.62768
0.036086
1.75597
1.9201
3.47304
0.991658
5.35129
6.18644
0.793476
0.930391
0.849722
5.97282
3.15218
0.138354
1.88989
1.97267
1.74203
5.6518
2.98355
11.7698
6.373
0.643639
0.842279
4.85298
1.73607
1.79067
5.5407
4.71437
4.20172
1.3436
8.24242
0.332182
5.28296
0.00624735
12.6436
2.08943
0.851089
11.9165
4.57202
1.18377
13.329
0.419024
1.63028
1.31984
9.34565
1.21194
0.147904
2.00803
2.69077
4.53535
1.45548
0.390403
9.74527
6.84682
3.75758
4.64604
2.65041
1.64151
0.409538
8.245
1.07514
0.712153
1.19331
2.99897
2.21947
3.73379
2.91445
0.287951
1.72571
0.153169
3.7497
5.4513
2.11885
3.96834
1.97363
0.0386343
2.43926
1.00205
1.28408
2.73436
0.638452
2.23226
0.682159
1.10897
0.276981
5.52671
9.02226
3.64383
13.158
2.10052
2.34327
2.2251
27.8126
0.185915
2.19848
0.152287
3.19727
2.08808
3.86523
4.54891
0.479795
0.113717
1.21349
1.2461
2.38533
0.955741
0.75228
3.26862
2.3688
0.016732
0.590427
15.0348
11.3602
2.81286
6.04478
3.89207
1.15633
3.42706
6.59586
0.0566037
3.43293
1.9357
5.88129
5.13663
1.70771
0.422364
3.14725
1.91464
2.21777
1.46433
0.348493
6.56855
0.0544156
1.16348
1.19142
0.520802
4.43162
15.8321
3.3964
1.23258
9.10234
2.5447
3.94211
4.72103
0.015347
2.6796
6.18278
0.768089
4.20197
3.987
0.738332
2.26002
1.53313
1.87581
12.1391
0.508257
4.36605
1.68582
1.75358
2.13288
1.60956
4.04166
2.90632
0.320306
6.14834
5.57074
0.976165
3.36925
4.26217
10.2595
4.45466
0.27978
0.818543
6.52753
3.97654
0.318065
0.0206775
0.00244685
4.79156
0.0657627
6.50788
0.0982742
1.50252
0.486368
2.60579
0.924117
0.374049
2.67989
2.29448
3.81766
2.49821
0.227353
0.163789
1.769
0.916307
1.09433
5.19767
1.55948
5.08015
1.66023
0.729381
3.40209
3.7106
0.435379
7.56445
0.747913
4.01852
1.89419
2.25752
0.178064
3.97629
4.19011
2.41612
4.27775
0.159824
0.852985
0.389774
0.958569
2.60299
6.72121
6.22157
6.96528
4.76331
1.63964
2.34959
18.5505
0.441458
3.5424
2.42428
1.36436
3.56634
0.519656
13.2202
1.47145
3.07853
5.74724
2.54251
3.29894
2.14765
6.90468
3.39218
3.38076
5.22998
1.46139
6.0264
9.43534
4.65505
15.9805
0.747501
0.30947
1.10184
0.419461
0.933071
0.277706
0.0463153
9.90035
6.67212
0.140212
17.0062
3.18662
7.95497
2.95399
0.754425
8.49128
2.8271
1.60716
1.76879
3.4767
4.759
0.235344
11.4376
7.42978
1.05463
2.52411
4.91796
3.71922
2.01194
0.370217
14.9018
0.339569
0.0297586
1.22271
2.87156
11.6055
6.93585
1.49371
2.90294
19.4115
1.85034
0.560787
0.954105
0.850851
0.25311
2.60989
3.061
5.51167
19.2526
1.59068
1.22575
6.6689
4.64972
0.847739
1.48608
3.46989
3.51009
6.82617
3.20918
1.51082
0.261359
1.40486
2.79504
1.83486
0.866977
3.73487
1.49298
1.17729
5.08279
1.49194
0.0690965
2.77725
7.71294
3.25232
3.745
0.220016
17.3416
2.51257
5.0558
7.67207
5.78937
2.0492
1.05877
0.825665
7.63405
1.27876
6.00822
1.18748
3.88133
1.17225
2.14593
1.60905
0.531914
3.48745
6.59276
4.85844
9.54283
0.144837
1.32344
5.25001
6.92867
3.13027
0.593641
0.065294
3.52883
5.25193
9.01821
0.641846
0.165919
0.590466
0.555878
0.541773
0.957999
2.04912
0.228908
0.140924
1.12182
12.1717
15.7353
2.44591
0.507229
2.06962
4.38051
1.18505
1.47828
0.351598
1.45145
1.3532
1.14882
4.15437
1.76937
1.19819
1.00165
7.68885
5.46809
1.74543
4.57275
0.912007
1.58201
6.39038
3.62768
2.76826
1.44954
1.07393
7.85474
1.1105
2.09802
7.92143
8.11184
2.15426
0.0283419
2.78171
2.92474
2.64427
2.5948
0.514846
0.187419
1.31785
1.64047
14.5865
3.7788
2.1177
3.69661
5.49814
2.60414
2.24548
3.74566
0.553466
1.04818
3.13324
15.6241
2.09556
1.85752
2.08866
0.709017
21.4431
1.2176
0.886042
9.04543
0.250313
0.0945997
0.710725
4.12241
1.5168
4.24155
2.89737
1.39613
2.11117
2.52531
2.82947
2.13491
3.80421
5.05325
0.0220761
3.94392
2.88373
3.60707
1.44796
1.06106
1.56942
1.16275
5.34348
4.03902
2.89006
13.1144
2.6775
0.504151
3.68442
1.78947
1.48369
0.431434
0.545119
18.6152
3.71669
0.980922
7.64007
2.94582
1.20803
4.81632
0.634471
2.68527
2.31841
0.430943
0.220356
2.64056
0.530954
3.87608
12.2224
2.09694
0.179646
7.88262
1.82946
6.64092
3.86346
8.22989
1.60116
0.756988
6.1949
0.493612
5.12578
1.57789
0.955677
11.421
6.10788
0.227797
0.155895
0.692318
1.54313
1.48804
5.61506
1.19868
7.7897
6.70708
6.90466
3.31294
3.31748
0.19312
0.959096
2.09006
7.65664
2.53986
2.09092
0.666077
2.99903
3.05938
2.87956
6.94395
4.22835
3.88808
12.7329
7.29369
2.38622
1.79296
1.80413
2.33993
1.01764
1.96636
0.475803
1.29309
2.27035
1.3277
5.29332
14.4686
4.76179
2.46679
6.42454
9.69496
6.16516
4.2582
1.32144
0.817922
2.32076
9.53179
2.92582
5.55179
3.8176
1.82731
4.69758
3.95042
3.83877
2.08707
12.414
4.24376
4.6007
1.96374
9.48946
0.528461
1.66747
5.61265
12.2672
11.4109
11.9124
0.270862
3.43135
2.95545
0.757876
1.0628
2.4427
2.15948
2.74576
0.693912
3.5473
0.19295
2.21637
5.07095
0.0359311
3.76159
1.34281
1.3894
4.8629
1.14104
4.90616
4.69753
3.39295
0.0436803
2.08974
0.156917
7.29326
0.954243
4.44314
2.83332
3.99887
1.84963
0.479409
1.87483
0.750126
1.05464
2.9722
4.03485
0.998432
1.05595
0.815301
2.54108
1.1523
4.62936
0.972156
0.151027
5.7524
1.27536
2.45199
3.61979
0.319347
3.41015
1.14102
4.27943
1.86837
0.168738
0.21057
1.46098
2.45118
4.26502
0.00371267
5.97831
1.61238
0.961343
3.67746
4.63165
0.668816
2.03904
0.251632
8.96664
0.789066
1.4567
13.2827
0.586612
2.44061
2.23921
5.65548
0.311444
10.1855
2.93166
9.4722
3.38346
4.22456
0.907152
1.70173
2.20978
10.1162
1.05659
2.41456
10.0698
5.65726
5.37972
1.22558
1.07862
2.08368
29.7104
2.72842
0.30609
1.8303
1.01156
2.93747
18.0832
0.516875
2.16997
4.10961
1.70039
2.63454
2.8393
2.13196
11.4511
1.46048
10.4824
0.0227797
0.117253
4.48614
0.834257
1.98675
5.24419
3.38601
1.59013
3.38728
4.08187
0.214354
2.02948
1.7659
1.02975
6.39727
11.9075
1.23811
3.0116
0.634184
1.71433
3.4738
3.12802
4.72365
1.07907
0.253069
1.46821
1.56753
2.39893
0.844942
5.63267
1.00057
18.6538
2.84892
10.1159
0.613365
4.63323
0.771467
4.44224
1.44834
2.22873
0.830056
2.63632
2.98774
2.66873
2.53075
1.01343
1.18892
3.21321
0.33448
5.83707
10.603
2.42994
8.76158
10.9469
2.58412
3.88277
2.91327
3.42055
0.334988
0.106352
0.0734403
14.9619
0.529035
4.81177
3.52086
5.36279
5.255
0.825949
11.6376
1.97881
0.507936
1.67578
2.97866
10.119
14.8693
7.11516
0.156098
0.41595
1.09113
2.5756
0.330241
1.25454
6.63256
3.59796
4.23409
7.80096
4.02335
5.26358
1.64595
2.08801
2.19532
10.5538
18.6155
3.80429
7.52993
0.0291538
1.87621
0.267989
6.66023
2.70659
6.78205
1.13068
5.64163
6.53163
4.614
2.8332
1.92072
1.50596
7.5191
10.1617
1.25461
0.357014
6.45288
2.8981
6.89557
2.63971
0.919982
6.50055
2.70088
0.756888
2.04443
2.49846
3.79504
7.9124
1.69164
3.59756
0.0377198
0.601733
5.26946
3.57856
1.19991
0.387578
5.68023
3.45529
2.84836
4.95985
4.43362
4.19033
6.05295
3.50769
3.3516
1.00244
4.64216
3.10192
1.08167
0.82703
0.219356
0.0656889
2.40225
1.01004
0.432424
1.50521
2.69596
1.16904
1.9463
0.154291
5.88327
2.72009
4.60122
0.396335
1.76469
4.69028
2.55412
2.53708
15.79
1.86936
6.12013
1.31073
7.38073
6.99766
8.06271
0.210273
21.28
2.74098
4.14795
16.713
0.780603
6.99803
0.519571
3.41641
3.19879
1.66855
0.082894
1.67422
9.45237
0.97067
3.52775
7.27885
3.30188
11.4596
7.76512
0.221056
4.04748
1.56624
2.68722
6.21435
19.1029
1.58721
4.30239
5.15464
1.12334
1.03634
1.75264
4.49416
8.08479
3.34785
1.47528
3.71524
6.30428
0.855776
3.23211
0.856723
0.632337
14.0886
6.94853
4.52025
2.10574
0.889648
1.57093
8.16097
2.69909
0.866579
0.625542
4.47808
2.17488
1.55543
1.19985
7.47676
0.293059
11.773
1.59762
1.88006
7.56352
3.97845
0.142936
2.82684
6.07526
3.00202
3.97283
1.62206
2.52439
1.8422
0.29352
26.8736
0.876162
0.140254
0.702821
3.97746
2.44832
7.22965
7.2345
6.10873
5.21301
0.0434809
2.45205
5.3215
4.02229
0.608737
0.250263
5.71351
0.0345005
6.81711
1.80126
0.939385
1.16112
0.592303
3.1498
1.80363
0.125999
1.17011
0.394875
0.513583
5.91004
1.68035
0.528309
4.8877
6.79693
2.73261
1.30792
3.3247
2.33209
9.76212
6.50105
8.5825
5.12913
0.286456
5.251
8.95224
6.76478
1.25077
0.788277
1.33281
2.90413
2.4573
1.1097
3.7127
3.2589
0.42916
2.34973
1.3761
4.51482
1.20372
0.250482
5.31632
0.973036
0.982082
0.35536
3.87122
1.04408
0.0229618
8.12479
2.9853
2.69791
3.25447
4.53459
1.47902
2.07082
7.93546
7.8101
1.80828
1.64317
0.289978
1.51567
0.665804
2.36542
4.61144
1.08355
6.62023
4.53716
4.47965
2.82365
18.0712
5.77786
6.66671
0.67529
0.375039
5.74229
8.56067
4.36377
0.929369
2.12464
6.24464
2.61001
6.90448
2.35003
0.271123
5.35247
0.204177
1.82129
2.96786
5.21138
0.947265
0.702417
0.341507
2.09016
0.633143
0.841236
5.91317
0.621404
0.336085
5.93972
3.29262
3.43202
5.28551
4.27621
6.89139
4.57756
2.30785
10.4995
0.426266
0.741887
1.19945
2.76441
10.3187
4.68514
0.159916
3.55617
2.37701
0.0349621
0.188423
7.56875
2.96101
3.92603
3.70845
2.74598
3.95416
2.22502
5.4965
7.43156
1.14801
7.69941
1.87737
1.4434
5.04018
0.618177
0.414332
1.6072
2.54624
1.05795
1.28547
0.690976
0.254286
5.29389
3.063
5.68028
3.89819
9.26665
4.55816
0.866703
3.45884
8.53229
6.84189
1.30695
1.71519
0.617112
6.12172
3.60608
3.60846
4.26471
2.85745
0.253952
1.17435
3.99084
0.363698
5.58673
6.35083
7.2316
0.223823
0.585011
23.3351
3.39928
2.69041
8.99286
7.37848
2.83816
0.0749892
1.09059
3.53035
1.95312
5.62862
1.54074
11.8586
1.94932
1.44834
2.08766
2.68817
10.2393
2.61862
2.03298
5.77961
2.20473
0.15785
0.596511
3.62365
3.93969
12.7931
1.88788
5.77079
1.41651
10.8966
7.27644
0.627038
4.55896
1.10078
1.90004
5.50628
3.48953
2.61904
1.80632
5.17911
0.453585
7.49382
4.60863
3.71639
4.71399
0.890024
5.0117
3.40209
3.54526
2.38817
0.502845
0.880709
0.0998332
3.44535
4.8917
3.20916
1.27507
2.57227
1.91039
3.52722
10.3364
0.769631
3.61515
0.574835
3.15338
1.62618
9.73482
4.90969
8.27972
17.7146
2.3565
9.33119
2.2565
2.30248
3.23266
1.16107
14.5627
7.69108
13.7299
2.2701
3.91424
0.715543
2.91387
6.90372
13.5948
1.7076
5.80463
1.96298
7.0174
4.22761
3.25408
21.2161
6.29062
1.61226
6.94126
9.14434
1.77644
4.93883
0.646654
1.0189
9.73688
1.59146
3.82824
2.77425
1.55394
4.40022
1.16163
8.12215
1.4102
4.55812
0.665005
1.34301
19.2865
0.090696
9.20277
5.73788
5.60956
14.3725
0.989525
0.237028
2.58739
0.657692
0.997729
4.47874
1.49572
6.94835
3.26375
1.18355
0.793822
2.84513
7.70684
1.58719
3.64039
0.542725
0.585021
0.146375
1.78372
5.34263
5.62481
4.10535
0.214007
7.24868
1.91704
0.44226
0.108533
0.681617
0.474741
6.76431
13.3829
5.96036
4.35062
0.209717
2.32784
2.01454
0.452561
2.89354
1.21316
0.618843
5.49618
2.88484
14.3094
0.854808
11.598
2.71974
11.036
0.167566
4.16254
1.56406
6.56332
0.642477
2.96045
2.49913
0.878603
0.629291
5.1533
5.53181
11.5289
1.55106
6.41582
0.999455
10.6992
2.60904
3.5837
0.629726
2.51673
2.42871
12.8322
1.02238
1.93947
0.870332
0.895153
6.59455
0.211514
3.27219
0.895502
0.540342
1.52594
0.40328
0.55147
0.262652
0.337844
2.33883
2.6631
7.72475
6.78572
5.79687
1.35497
0.230997
1.99271
24.0866
4.8885
5.81537
0.949405
0.0702556
0.0138506
1.6696
0.547264
5.75797
2.22114
8.94725
19.0877
0.192656
0.498348
2.45407
3.21579
0.0733407
2.55393
0.276455
2.15118
0.0636275
5.28156
2.52901
0.735124
16.954
3.55678
2.75473
6.00576
0.624098
8.89933
0.0719566
0.0277013
2.40407
3.58059
5.51482
0.48884
6.7528
11.2824
6.71353
1.87893
4.36112
2.98352
8.48481
5.73655
2.86167
0.113019
0.177083
0.781772
1.5465
5.21277
4.801
2.67465
4.94395
0.631693
1.79513
3.63721
4.96646
1.77672
2.97488
0.740782
29.4931
1.34902
3.61066
2.33871
0.968442
2.61135
8.69475
2.0629
6.38161
6.58357
0.117471
4.65619
2.00721
1.35046
1.39816
0.00932657
4.53873
5.31335
0.448964
1.64851
0.403399
3.75183
1.25502
2.14444
2.42089
0.668683
8.65098
5.79865
10.9287
4.24231
3.70176
1.71563
1.94775
0.146723
24.3267
7.91575
0.220356
2.63823
7.39893
2.0632
3.41947
0.527956
1.20693
0.045959
1.01855
3.96824
1.15312
2.91087
3.12457
10.9228
2.07198
17.4032
3.04293
2.54653
9.3587
3.43389
0.57576
1.5816
2.97558
3.39027
0.524134
2.42361
4.47819
3.30818
4.65129
0.837795
5.87396
0.777028
0.46538
2.83831
1.46019
0.022303
4.97233
0.827065
0.752003
2.65601
11.4421
4.22807
1.048
10.9376
2.92958
3.29552
0.239946
3.29714
0.392162
2.3737
10.2366
6.15601
0.540237
8.79014
0.490777
9.7485
5.94341
6.75842
7.23251
3.34676
1.35444
1.34811
3.77134
1.17738
0.242317
0.951738
2.83701
2.89429
6.7687
0.0842241
3.35513
5.0988
1.24011
1.36761
0.720381
2.33378
0.32327
5.81179
12.028
0.96965
8.98318
1.33292
8.79367
2.46427
6.43124
0.250036
5.43263
2.51564
10.5036
0.353842
0.299241
0.971578
9.95494
0.875341
12.4438
5.92282
4.26551
4.17461
13.1476
1.15436
6.719
1.1159
1.21611
0.652654
0.718256
0.689661
7.5572
0.703013
1.97779
1.56596
4.00435
5.59772
2.5534
6.89365
0.98847
0.982066
0.133537
0.627896
0.656078
6.04272
8.46364
5.22244
0.822306
0.528612
0.0017933
3.28847
6.7683
4.77652
3.30794
1.15139
3.02743
1.02538
0.610958
0.10239
2.81707
7.21673
18.3297
3.72329
0.719779
0.507954
2.12551
0.373508
0.769153
5.65448
0.496789
0.0318296
0.580837
0.112236
1.81784
4.63138
6.17241
3.97662
0.809568
4.12771
0.710209
3.8969
8.01056
6.74305
0.575787
2.25586
6.7489
0.96348
2.05955
8.05982
3.89376
10.4944
7.38011
2.47794
1.018
4.4578
1.19079
13.8312
11.1891
5.31843
2.13405
1.8947
7.56378
6.02927
1.77046
2.14928
0.30379
1.17048
1.54355
3.59538
1.1227
0.0632073
5.58594
0.243873
0.829913
15.8723
4.24788
3.30964
2.10959
1.61192
6.12973
1.35986
11.874
8.32669
0.112444
1.65482
0.0656841
2.24666
3.51968
4.53452
1.03756
4.52752
0.169571
7.08981
0.152711
2.80342
2.4139
1.62465
1.42048
3.70792
3.66763
0.764194
3.90429
2.78095
8.2132
4.43819
7.02584
0.567271
4.73045
4.61393
2.16963
5.73466
5.69097
5.44486
9.43559
5.95907
3.06378
1.56117
10.9453
0.722455
3.14587
4.45507
3.41723
0.359703
2.41161
6.45165
3.43062
1.09667
14.726
6.24801
1.00103
3.6255
6.14574
3.5375
10.2786
3.13595
1.23659
2.26699
7.51032
0.0782162
1.95935
8.17024
6.78357
1.36998
7.10845
5.99119
2.90515
3.4729
16.8841
11.749
1.58836
0.88649
3.15763
3.73613
1.91958
0.735018
3.05426
1.21891
3.89338
1.50959
0.856728
0.70435
4.01236
0.133482
8.55565
3.40989
5.70025
2.7372
1.77064
12.1946
1.62989
0.488132
7.86073
1.34743
2.08874
1.8402
1.73417
5.93981
4.05264
0.549405
3.18029
3.82067
1.50481
1.23481
2.17075
4.19326
0.235892
1.94508
4.0196
0.233213
1.76006
1.23482
2.38205
1.09842
0.496295
10.6121
3.24018
3.15616
5.57808
1.82682
1.45966
1.47003
0.41404
0.455764
0.254959
5.32279
0.118816
13.6253
1.72104
1.4324
4.75508
0.909982
7.10831
4.56201
1.02252
8.70879
0.202928
4.86768
17.6955
8.30127
4.01216
4.47714
0.80297
2.61477
4.12274
6.4858
2.15209
1.66006
4.04396
0.107877
0.453466
1.67165
1.10454
3.12657
7.72766
1.72014
4.20058
3.8143
0.302865
0.827858
0.785218
3.0615
5.59898
4.66608
13.4759
2.02097
2.31374
2.94274
8.83773
2.77329
1.10083
2.94042
0.416039
3.65274
0.273422
18.7225
0.532318
1.2352
5.10826
6.85589
5.83002
2.88623
8.92465
2.80675
3.90606
1.38283
2.64746
4.42882
0.764589
0.7798
5.27298
1.75908
2.18835
0.169909
1.87065
2.02256
4.98315
4.73535
5.96745
8.19273
1.16091
2.02386
1.03783
4.10594
10.2535
0.700776
3.59047
6.11058
1.3471
1.56722
2.62726
0.251455
0.497031
0.059215
11.1385
5.18742
0.763979
6.48521
0.0472023
0.543132
6.14967
7.98068
0.964839
1.78239
10.5325
10.6514
3.74144
0.760149
0.18503
2.00032
3.80961
2.42051
1.13893
2.05574
4.62225
0.527463
1.03236
0.648003
3.55438
1.67377
2.91099
6.84108
4.9578
1.39211
2.45688
1.09608
9.19861
1.57472
2.58419
6.12547
5.15586
3.34782
1.15781
4.78007
12.5324
6.01172
1.29069
2.57588
4.67709
7.98496
1.46794
2.45683
0.60629
0.735565
4.31378
4.76141
0.129682
1.43044
2.32744
2.10484
6.8229
1.56982
2.56422
6.82883
1.87783
3.39883
4.50825
3.11593
9.63339
0.520169
0.373179
5.27034
3.03833
0.968247
5.91029
3.21423
0.136097
17.3831
8.43095
4.56301
2.83315
1.29264
26.1966
2.88383
6.61773
8.59381
2.01128
1.34197
3.15299
3.46393
0.017826
1.69013
0.573681
7.80665
3.4077
6.02138
3.38506
3.44784
0.826958
5.44581
7.88999
0.464168
2.15306
8.23755
7.07729
0.372633
1.91936
3.00344
2.96274
0.952101
7.55288
5.35793
4.56731
0.587724
0.0627288
2.71941
0.900689
1.87176
3.07376
1.22576
7.33498
0.0728434
0.690487
0.525843
2.90718
7.56197
6.05547
5.30939
10.6967
10.5099
3.09044
2.47936
3.27637
0.368544
4.97489
0.693256
0.18584
0.462471
1.34063
0.771734
4.80394
0.443125
4.14695
2.53122
1.42612
4.1715
2.058
5.19292
0.738347
2.64672
0.142804
9.92822
4.58662
0.938481
11.2469
0.0845617
0.77733
1.18021
5.02065
7.53729
0.426141
3.79269
0.269687
1.80008
6.70213
1.57215
3.62768
2.71889
0.30518
1.79401
1.93642
5.71163
0.995087
0.687205
0.762828
1.78025
4.93435
9.118
0.317527
3.6321
0.256607
0.519205
0.403469
11.0801
0.137708
1.98854
3.66565
6.95721
2.01859
0.232853
5.22974
0.284924
18.322
2.1512
0.30514
0.887647
8.37473
1.03711
0.458702
2.09621
0.447739
0.791628
0.597972
2.89026
1.78049
2.06235
1.52361
7.1616
0.191219
3.22607
4.10488
1.57962
2.48571
3.36418
1.788
0.424173
1.19895
6.3607
3.12679
1.33917
1.95279
7.60704
3.27575
9.56661
2.35942
0.303598
2.01829
1.02211
2.1715
3.71258
1.86039
2.62926
3.13203
3.33238
4.54525
1.43073
1.90946
0.225087
6.55037
3.34884
0.663391
8.24515
1.40215
7.01868
2.63008
2.02661
3.74873
0.740767
9.85535
0.00665585
9.35854
2.9814
2.83677
0.204625
2.00839
2.3995
3.20613
2.34095
4.81271
5.3452
2.29216
7.4397
10.6038
4.06753
2.93994
0.450176
2.37825
0.13477
7.02785
2.08984
1.24492
2.65768
4.30325
13.1464
0.540486
10.2647
0.145991
3.48078
0.0281089
2.01951
2.67984
1.57
0.198297
4.86631
1.53548
4.0046
0.670612
2.91115
0.72566
0.395454
3.38112
2.03927
3.99848
5.8451
0.888235
0.354639
2.7218
2.43279
4.94524
3.95562
4.70959
4.54143
1.41149
6.41926
7.70092
0.881614
1.8285
0.448326
4.01564
0.125414
3.0118
3.03946
2.58606
0.40998
5.49843
5.89517
0.614074
3.10025
10.705
6.48439
1.75959
8.9086
2.55582
2.12191
4.15277
0.221242
2.56948
20.8568
3.1998
1.37993
0.586878
3.04271
0.227203
1.62617
8.64945
0.730318
1.12068
22.9574
0.719685
5.08256
0.294813
4.32511
3.10241
0.942923
1.07962
0.0302137
2.16931
13.4697
5.82358
4.3054
20.4828
4.27879
2.49097
0.0497659
1.17383
7.96959
5.47158
8.23639
1.4386
2.40263
0.60733
1.73205
3.35195
8.06362
2.389
0.569497
6.18089
3.67137
2.38717
4.29966
9.37071
3.18934
0.580896
1.1056
1.27105
0.455632
2.53261
2.95395
0.378825
0.482213
0.573913
6.3806
0.2487
5.88471
6.13423
0.259699
9.38068
7.52734
2.85693
11.5952
0.183237
1.08747
3.64299
2.86166
0.0522984
1.10161
1.32241
1.671
1.41955
4.21029
4.01759
0.0506539
2.34585
5.48099
1.58541
0.876782
1.55167
4.50512
2.06905
0.776029
1.15672
13.2025
1.74434
2.62974
3.86606
0.193135
1.30334
2.05131
7.93012
0.924804
3.49528
4.23604
4.00465
1.01478
0.602176
2.9363
2.95504
1.56046
4.97084
2.30063
18.6587
3.90831
6.93615
2.72581
1.42643
4.14677
1.00444
9.88036
0.629919
1.18784
8.00068
0.127799
3.42336
0.645197
1.99594
5.17055
4.8209
4.28383
3.54391
0.509489
6.19947
7.0296
3.01552
0.490337
0.385296
15.6667
5.50553
7.54405
7.29786
15.2691
5.46585
0.544538
3.27168
1.07412
3.15702
2.31532
2.29869
0.601471
4.42176
3.33052
1.14033
1.19869
9.46169
0.971591
15.6051
1.77198
6.53687
3.37531
5.64219
1.67092
0.292895
0.967305
1.69664
1.99517
3.82652
5.22387
4.89711
0.0749737
0.759882
0.0597438
2.12516
0.762346
2.70475
5.24662
0.911883
8.24665
0.0457082
0.229814
0.427985
2.41322
4.58124
1.03309
5.16045
3.81627
1.05202
1.0886
3.63101
0.837973
2.33579
0.183692
1.46175
10.3726
0.849632
2.29141
0.105517
0.500454
1.11534
1.52627
0.512766
1.94663
9.78877
4.00263
0.653485
2.38931
8.32037
0.852384
6.44269
5.71054
0.854397
1.87907
0.485854
1.66896
1.02373
1.14472
2.50398
3.40349
0.720306
0.753509
1.59354
16.7025
5.23775
4.19932
6.47901
1.4683
3.72323
0.300869
1.88431
5.98593
18.2584
5.95937
6.57114
8.85023
1.47722
5.27805
5.35262
0.810156
9.45001
2.29478
1.95651
0.459041
7.35628
2.88858
6.767
6.48493
5.61422
2.30354
0.866015
0.17776
