5500
3.35386
3.33421
3.57036
3.43414
3.60449
3.33744
3.22141
3.25264
3.29497
3.31708
3.33267
3.28007
3.17901
3.3672
3.46994
3.13185
3.34086
3.35635
3.15151
3.29948
3.2223
3.32167
3.43271
3.3092
3.16217
3.47662
3.17089
3.25584
3.21873
3.29483
3.24701
3.50228
3.20438
3.34564
3.41112
3.32311
3.37208
3.04974
3.38059
3.24213
3.38601
3.27197
3.37576
3.20299
3.44152
3.04979
3.3617
3.35503
3.04437
3.30132
3.32228
3.28955
3.32617
3.31548
3.21807
3.28194
3.51071
3.42793
3.37177
3.31086
3.20189
3.32302
3.47619
3.4158
3.22509
3.58263
3.43365
3.39108
3.20944
3.31408
3.12516
3.35682
3.1608
3.31828
3.27242
3.18687
3.23855
3.37331
3.19628
3.25776
3.18556
3.34411
3.46753
3.12883
3.18034
3.21356
3.27468
3.28703
3.21894
3.25819
3.14665
3.329
3.33209
3.57513
3.2474
3.31127
3.28819
3.30566
3.34721
3.38068
3.35873
3.27391
3.48633
3.16327
3.38527
3.36248
3.3921
3.35441
3.27042
3.30986
3.35053
3.27256
3.26651
3.2962
3.3526
3.27787
3.19947
3.27177
3.20438
3.18416
3.34463
3.32492
3.2984
3.15791
3.48632
3.32501
3.14106
3.16393
3.26836
3.37212
3.45407
3.23107
3.55191
3.44941
3.33357
3.28233
3.37039
3.3536
3.62618
3.31889
3.12639
3.16123
3.23572
3.53092
3.43695
3.16611
3.08941
3.38975
3.25124
3.18826
3.29839
3.3731
3.35258
3.47291
3.23682
3.27369
3.47897
3.27886
3.28127
3.32347
3.40185
3.16126
3.15294
3.48871
3.25254
3.39043
3.34827
3.35063
3.24266
3.26871
3.1893
3.16485
3.45368
3.35143
3.22513
3.37713
3.23253
3.25729
3.35828
3.24177
3.40463
3.32441
3.19358
3.33873
3.21009
3.26368
3.2549
3.39912
3.41674
3.26284
3.36685
3.32949
3.29253
3.19197
3.42709
3.49945
3.20768
3.27818
3.23705
3.33701
3.44651
3.28957
3.44095
3.2212
3.25081
3.41243
3.29773
3.32702
3.31361
3.35539
3.30827
3.35368
3.31662
3.35949
3.39209
3.31708
3.30918
3.51284
3.26415
3.23137
3.15167
3.14195
3.39257
3.28249
3.13462
3.2688
3.23353
3.42482
3.40838
3.4034
3.35332
3.2176
3.38606
3.4841
3.21847
3.21682
3.33522
3.40767
3.48206
3.09338
3.25911
3.22908
3.40988
3.27662
3.45161
3.36888
3.29361
3.19369
3.15325
3.34838
3.42167
3.36816
3.30014
3.16033
3.50816
3.32757
3.25368
3.30464
3.41085
3.35224
3.39078
3.29817
3.23448
3.33026
3.37737
3.27483
3.40411
3.41683
3.19042
3.30913
3.25865
3.39126
3.28309
3.13362
3.27142
3.35177
3.38076
3.45302
3.53466
3.28156
3.21921
3.22659
3.36355
3.19439
3.32522
3.26088
3.34852
3.2961
3.28186
3.10381
3.29922
3.39495
3.38231
3.16793
3.39672
3.18842
3.43066
3.44744
3.35455
3.36433
3.34276
3.27195
3.29084
3.25961
3.25531
3.14325
3.12559
3.3424
3.26919
3.25528
3.3546
3.3672
3.3325
3.33806
3.26699
3.29307
3.24685
3.25289
3.183
3.30349
3.07788
3.38395
3.27017
3.26943
3.38628
3.27347
3.19421
3.2964
3.33629
3.33211
3.14055
3.38673
3.3351
3.25218
3.14449
3.27013
3.1005
3.46756
3.32594
3.18865
3.39127
3.24135
3.4177
3.1576
3.41296
3.17626
3.24682
3.19862
3.35836
3.32905
3.28532
3.20498
3.39881
3.1133
3.33479
3.20176
3.25659
3.26823
3.35787
3.24733
3.26403
3.17957
3.37121
3.42806
3.29135
3.31624
3.48792
3.27087
3.20388
3.18413
3.30473
3.39894
3.22071
3.23314
3.31472
3.1625
3.19641
3.35851
3.3154
3.30202
3.25169
3.25734
3.17329
3.23754
3.2069
3.37829
3.26836
3.2371
3.09027
3.37754
3.25455
3.21063
3.27807
3.49332
3.3373
3.32523
3.30854
3.31437
3.45279
3.28752
3.39948
3.45814
3.19747
3.29609
3.39001
3.23451
3.17454
3.23438
3.42528
3.23627
3.29198
3.26604
3.37579
3.423
3.12759
3.21348
3.26097
3.46996
3.18806
3.28328
3.19191
3.21786
3.30662
3.17168
3.48606
3.21142
3.19363
3.26064
3.36953
3.14759
3.14104
3.32666
3.23526
3.20837
3.44272
3.2462
3.35943
3.2309
3.18844
3.24096
3.16151
3.46137
3.38711
3.40781
3.47634
3.26708
3.39991
3.43841
3.35965
3.30247
3.32059
3.37848
3.28511
3.18572
3.13645
3.09355
3.1913
3.23394
3.24657
3.20439
3.2853
3.36124
3.28278
3.39147
3.48954
3.27729
3.42287
3.22782
3.31795
3.22359
3.36646
3.33227
3.12653
3.31456
3.35746
3.33523
3.3405
3.21973
3.16857
3.39183
3.16131
3.32342
3.31945
3.37953
3.35962
3.41662
3.18498
3.20096
3.28892
3.34396
3.22221
3.12102
3.26745
3.26137
3.15014
3.42925
3.27028
3.21187
3.42487
3.25276
3.32033
3.19413
3.25138
3.49974
3.40397
3.19651
3.34065
3.23788
3.32142
3.26279
3.32456
3.36146
3.25696
3.23606
3.40301
3.26165
3.23089
3.18393
3.37857
3.22654
3.24858
3.1919
3.29485
3.44049
3.35324
3.28631
3.16758
3.21903
3.26761
3.37911
3.31344
3.26147
3.30606
3.21983
3.29968
3.37485
3.4891
3.3795
3.23687
3.26507
3.26477
3.29205
3.40952
3.23904
3.33728
3.21524
3.16045
3.39172
3.3098
3.33208
3.53327
3.5364
3.39247
3.41217
3.51657
3.335
3.3285
3.24885
3.23392
3.22152
3.26982
3.4287
3.26606
3.35632
3.41556
3.19673
3.35283
3.30865
3.24266
3.35019
3.35838
3.2385
3.17815
3.12715
3.25639
3.2987
3.14305
3.46446
3.38214
3.40956
3.3345
3.20776
3.25361
3.33212
3.43035
3.20082
3.33247
3.4085
3.17697
3.30766
3.29777
3.41359
3.2461
3.27926
3.5012
3.29865
3.18809
3.31313
3.43853
3.30503
3.38137
3.31134
3.33814
3.02786
3.2495
3.36918
3.38353
3.21533
3.32866
3.3542
3.32171
3.00604
3.43247
3.34756
3.41893
3.32794
3.07346
3.33494
3.13666
3.03807
3.43443
3.3555
3.28818
3.19821
3.27694
3.246
3.30052
3.24198
3.28303
3.25496
3.22846
3.23642
3.32124
3.35187
3.18444
3.22907
3.25431
3.2373
3.25255
3.4115
3.31607
3.40483
3.22121
3.29861
3.44453
3.20858
3.21148
3.32224
3.42518
3.25908
3.33164
3.33219
3.20545
3.25978
3.35928
3.06149
3.36734
3.17405
3.51075
3.18027
3.19517
3.21395
3.24361
3.3036
3.39164
3.21379
3.34259
3.24947
3.35402
3.17657
3.34972
3.39204
3.41008
3.24001
3.43178
3.12477
3.13598
3.31047
3.22388
3.27265
3.33645
3.26316
3.32896
3.27661
3.1269
3.29514
3.53564
3.32121
3.2363
3.19046
3.4064
3.24035
3.37501
3.25106
3.12116
3.37696
3.33251
3.30359
3.19538
3.26452
3.24496
3.22819
3.14312
3.40135
3.23749
3.37729
3.13191
3.2954
3.29011
3.40168
3.29319
3.34383
3.07581
3.38724
3.51069
3.40776
3.39125
3.28569
3.30862
3.63596
3.35079
3.45526
3.314
3.22381
3.357
3.17928
3.19414
3.36179
3.38179
3.24381
3.36773
3.31733
3.33716
3.26246
3.28376
3.41864
3.35286
3.12883
3.49408
3.24328
3.196
3.38037
3.27091
3.3381
3.32499
3.30096
3.28537
3.13584
3.38452
3.21521
3.18847
3.23067
3.41242
3.24155
3.36953
3.19996
3.41057
3.28751
3.1808
3.38571
3.18439
3.32869
3.29841
3.30727
3.11413
3.14906
3.16875
3.23925
3.4236
3.3229
3.25771
3.19027
3.39667
3.32227
3.1893
3.16832
3.04476
3.20711
3.4152
3.43699
3.275
3.24955
3.4783
3.35174
3.30025
3.237
3.36805
3.26265
3.38849
3.22325
3.35317
3.3053
3.14121
3.13649
3.19175
3.28157
3.21967
3.34833
3.36325
3.36392
3.23505
3.41756
3.48382
3.46468
3.50042
3.3039
3.31868
3.32258
3.16335
3.49387
3.44653
3.23528
3.26763
3.31005
3.31965
3.27949
3.25021
3.43582
3.30232
3.16351
3.4589
3.22138
3.24758
3.26182
3.46661
3.34648
3.21368
3.35514
3.32451
3.3016
3.37839
3.46421
3.36777
3.39292
3.48914
3.31155
3.23794
3.33054
3.32659
3.15595
3.2339
3.11719
3.36152
3.35109
3.2361
3.1458
3.46285
3.40216
3.42681
3.24149
3.4454
3.33497
3.30508
3.13642
3.31794
3.24254
3.43742
3.46448
3.37945
3.34573
3.25233
3.24912
3.21903
3.45171
3.22979
3.37048
3.38974
3.43437
3.37047
3.35827
3.23654
3.29659
3.39786
3.19401
3.38228
3.28155
3.16859
3.38637
3.44607
3.44826
3.31668
3.45226
3.32032
3.27787
3.20493
3.34043
3.37643
3.28627
3.30094
3.40872
3.13791
3.09602
3.15303
3.23467
3.34404
3.30696
3.18388
3.32912
3.37757
3.25182
3.51421
3.28695
3.59172
3.33663
3.20148
3.29825
3.26381
3.14083
3.47768
3.34046
3.40096
3.12075
3.29763
3.33146
3.40867
3.4407
3.21879
3.4136
3.32966
3.18346
3.24582
3.32288
3.29608
3.30171
3.33322
3.34776
3.31499
3.4513
3.26497
3.32656
3.09565
3.30263
3.23709
3.31889
3.25579
3.23988
3.3359
3.15041
3.07552
3.11244
3.08144
3.19875
3.4209
3.14899
3.34435
3.41208
3.39121
3.18937
3.26996
3.15272
3.28395
3.32961
3.52216
3.32732
3.15164
2.98105
3.28047
3.30017
3.34625
3.26722
3.45066
3.42835
3.28553
3.31821
3.34284
3.36801
3.44958
3.27509
3.30288
3.27211
3.25165
3.32805
3.32449
3.31853
3.33675
3.40154
3.14533
3.33386
3.22167
3.2381
3.29966
3.08117
3.28928
3.15519
3.38352
3.49258
3.35486
3.32409
3.4181
3.35373
3.31166
3.44129
3.22794
3.14063
3.33191
3.34749
3.3371
3.31238
3.40084
3.13022
3.46277
3.38763
3.24902
3.43379
3.38331
3.37423
3.41273
3.30957
3.18917
3.24071
3.50865
3.29188
3.15378
3.22036
3.32991
3.12146
3.17478
3.46946
3.32456
3.39619
3.21775
3.40967
3.40592
3.37192
3.2062
3.44257
3.19829
3.29724
3.48918
3.30745
3.23376
3.19352
3.28597
3.41753
3.19938
3.47266
3.35912
3.49329
3.28541
3.28894
3.22475
3.38708
3.53809
3.3481
3.30303
3.27686
3.23716
3.20113
3.45056
3.40741
3.14081
3.27196
3.06379
3.18538
3.41901
3.2058
3.3858
3.14973
3.48401
3.1847
3.23183
3.43159
3.3471
3.31405
3.26793
3.2236
3.27695
3.41714
3.37185
3.29849
3.16797
3.21199
3.31196
3.23942
3.33566
3.14804
3.03131
2.96377
3.40128
3.12927
3.16502
3.38929
3.17662
3.29605
3.20814
3.26983
3.13823
3.37037
3.23064
3.36634
3.29168
3.29917
3.49733
3.26331
3.07796
3.24102
3.25318
3.29772
3.21076
3.24893
3.26255
3.38548
3.24647
3.14988
3.17112
3.2608
3.33472
3.40561
3.44242
3.35665
3.32723
3.10771
3.26382
3.2093
3.31577
3.41775
3.39624
3.21614
3.28245
3.34521
3.3415
3.27643
3.19133
3.25756
3.33426
3.06035
3.2126
3.30352
3.07417
3.31212
3.4955
3.4373
3.42549
3.34675
3.3159
3.31351
3.29305
3.26417
3.25077
3.34691
3.4302
3.26968
3.40461
3.19978
3.2627
3.22272
3.32185
3.24905
3.36146
3.42077
3.24749
3.44945
3.22441
3.05836
3.36271
3.31341
3.29235
3.35646
3.40768
3.11948
3.1829
3.30028
3.45552
3.14781
3.3258
3.12376
3.22134
3.26216
3.21572
3.28192
3.43801
3.57329
3.38495
3.30814
3.33653
3.26618
3.34386
3.39309
3.34812
3.37014
3.33009
3.34139
3.12147
3.35047
3.10153
3.44967
3.26266
3.30547
3.29934
3.2702
3.06342
3.27453
3.29738
3.30988
3.36319
3.3485
3.33066
3.32693
3.23476
3.28654
3.33494
3.12448
3.19043
3.25933
3.2056
3.30171
3.16569
3.34814
3.42136
3.05268
3.42313
3.24415
3.27873
3.40546
3.35635
3.20938
3.39792
3.26207
3.34298
3.27745
3.38676
3.1602
3.47342
3.21752
3.27833
3.35403
3.33319
3.37607
3.25593
3.34494
3.35425
3.33195
3.31472
3.23959
3.22496
3.26556
3.19805
3.22076
3.19341
3.44799
3.40724
3.30191
3.30406
3.1888
3.36984
3.43187
3.30847
3.39787
3.51104
3.12203
3.41335
3.25598
3.40665
3.19246
3.4191
3.24684
3.32138
3.3351
3.3013
3.21063
3.24204
3.25892
3.21844
3.25964
3.48242
3.23944
3.37496
3.12733
3.41575
3.46575
3.22905
3.32845
3.395
3.20843
3.32657
3.34908
3.29733
3.33641
3.31146
3.54315
3.21195
3.36828
3.27998
3.46758
3.33862
3.33173
3.31039
3.51937
3.37649
3.19657
3.16026
3.24591
3.4206
3.35319
3.25647
3.32936
3.32347
3.21285
3.26031
3.43365
3.17547
3.42231
3.43885
3.31096
3.14998
3.45489
3.37897
3.25849
3.28037
3.29367
3.17378
3.40054
3.25865
3.17763
3.28181
3.25718
3.22405
3.28344
3.34258
3.36979
3.19752
3.34089
3.30702
3.33582
3.41853
3.31971
3.2008
3.41661
3.28558
3.36899
3.4181
3.21297
3.41631
3.50501
3.3918
3.37473
3.59451
3.34955
3.21147
3.46961
3.36591
3.2943
3.38364
3.31974
3.32279
3.37315
3.09745
3.43127
3.15309
3.12669
3.29096
3.32632
3.39537
3.24347
3.28637
3.33307
3.22381
3.36336
3.30155
3.14435
3.16217
3.41737
3.14369
3.08822
3.43734
3.27625
3.34122
3.18901
3.29539
3.34075
3.27474
3.35203
3.19318
3.19845
3.27113
3.5284
3.29669
3.35134
3.4876
3.15911
3.31728
3.24678
3.29353
3.18999
3.26065
3.27387
3.19198
3.18527
3.45237
3.14291
3.23081
3.29522
3.40068
3.26623
3.24374
3.30541
3.19317
3.30494
3.37156
3.2455
3.30234
3.49783
3.37368
3.28838
3.258
3.3383
3.31729
3.37617
3.4635
3.38867
3.2506
3.35069
3.32393
3.49189
3.27255
3.38833
3.28132
3.49855
3.10633
3.16797
3.22954
3.32594
3.51083
3.35657
3.26368
3.25933
3.35963
3.43123
3.23672
3.44814
3.17057
3.3156
3.38153
3.3411
3.081
3.38795
3.32515
3.33896
3.25997
3.30118
3.33474
3.25357
3.32595
3.33917
3.17233
3.20658
3.26957
3.31678
3.22979
3.55906
3.38901
3.20829
3.29033
3.51845
3.4088
3.41483
3.27493
3.2986
3.30605
3.40308
3.08892
3.1456
3.38872
3.4287
3.36409
3.27564
3.22594
3.22633
3.19036
3.34049
3.20972
3.36443
3.10664
3.36505
3.32747
3.33953
3.15228
3.28552
3.20207
3.16586
3.34417
3.2104
3.43866
3.39349
3.31545
3.35242
3.40389
3.25742
3.20922
3.24934
3.24078
3.43692
3.18554
3.31222
3.27139
3.31721
3.40389
3.22601
3.46266
3.2987
3.32661
3.4501
3.38462
3.36448
3.26505
3.41031
3.0989
3.3482
3.31184
3.26726
3.24945
3.24248
3.31967
3.42118
3.2624
3.18994
3.1503
3.15055
3.30283
3.1316
3.25832
3.39726
3.35689
3.28529
3.22258
3.53155
3.38243
3.44669
3.43765
3.30823
3.18454
3.41216
3.35775
3.35519
3.45568
3.14914
3.32399
3.47738
3.23166
3.38182
3.52423
3.43175
3.40137
3.321
3.24827
3.2985
3.37986
3.19607
3.33139
3.29262
3.19417
3.32993
3.30797
3.40612
3.27004
3.17552
3.28895
3.30657
3.37447
3.28343
3.41501
3.26466
3.20137
3.42727
3.19734
3.245
3.41683
3.32497
3.26646
3.35258
3.42168
3.20094
3.33934
3.3943
3.35568
3.36268
3.27855
3.31896
3.43366
3.34311
3.18488
3.40464
3.28241
3.34286
3.33324
3.23895
3.32171
3.36789
3.53374
3.23482
3.36546
3.19703
3.25521
3.34925
3.3519
3.19948
3.02892
3.13527
3.31909
3.63637
3.26508
3.48302
3.14129
3.28601
3.41127
3.31191
3.35033
3.32476
3.12477
3.40523
3.2031
3.2337
3.19414
3.18111
3.19654
3.1793
3.23128
3.16209
3.25632
3.42272
3.33898
3.35994
3.36869
3.08402
3.20767
3.29533
3.3967
3.40222
3.29744
3.25398
3.22851
3.28998
3.21833
3.18868
3.38561
3.31352
3.27324
3.29397
3.16849
3.38663
3.35619
3.26436
3.21769
3.32477
3.34339
3.32775
3.02773
3.27315
3.43617
3.37724
3.34168
3.19758
3.05062
3.18009
3.43333
3.29702
3.24564
3.43272
3.18244
3.27837
3.461
3.32581
3.23891
3.23553
3.19746
3.28433
3.26711
3.42692
3.17832
3.37949
3.2269
3.39405
3.27241
3.322
3.29803
3.18792
3.26703
3.29599
3.35858
3.15317
3.36328
3.33133
3.15159
3.22484
3.36021
3.26825
3.29269
3.3518
3.29552
3.28078
3.37205
3.44522
3.33455
3.38035
3.24085
3.44114
3.37333
3.43061
3.2872
3.30095
3.30978
3.24676
3.1343
3.2045
3.46916
3.33007
3.54853
3.19795
3.34089
3.31049
3.31015
3.4287
3.42536
3.4117
3.17678
3.33122
3.54597
3.27819
3.22513
3.33215
3.42594
3.26454
3.3714
3.3045
3.34398
3.15515
3.28427
3.27406
3.31962
3.11526
3.21686
3.24532
3.15084
3.18381
3.19786
3.22662
3.40733
3.40584
3.48655
3.35108
3.31705
3.30532
3.33916
3.18451
3.33767
3.35927
3.48746
3.27755
3.35599
3.20871
3.33616
3.3079
3.23063
3.36745
3.41166
3.33958
3.26953
3.33207
3.29012
3.39187
3.47015
3.2988
3.30754
3.21152
3.3412
3.29531
3.1401
3.19816
3.52542
3.36172
3.28752
3.40237
3.15372
3.13653
3.19907
3.21539
3.26433
3.31462
3.15494
3.05546
3.45847
3.28475
3.4187
3.35897
3.21972
3.35045
3.23929
3.34843
3.39317
3.25106
3.33513
3.19946
3.27355
3.36579
3.38751
3.34445
3.39127
3.26412
3.50972
3.54976
3.21667
3.25261
3.32865
3.23186
3.37484
3.27974
3.52344
3.37413
3.45862
3.20472
3.48462
3.38384
3.53352
3.29668
3.24922
3.26336
3.4168
3.31781
3.32035
3.26237
3.31749
3.27936
3.34321
3.36152
3.38216
3.18569
3.36945
3.12532
3.28672
3.26631
3.13589
3.39334
3.3006
3.1357
3.23386
3.24672
3.54028
3.23421
3.35795
3.19481
3.27069
3.25836
3.39842
3.39709
3.38277
3.21669
3.31675
3.08753
3.17315
3.35109
3.4415
3.30964
3.40888
3.35318
3.46563
3.2582
3.39035
3.11717
3.43575
3.33042
3.47717
3.29021
3.30614
3.21168
3.24736
3.41002
3.14608
3.18721
3.30003
3.22827
3.21872
3.32029
3.1835
3.37505
3.40668
3.26994
3.17773
3.23057
3.23133
3.30491
3.16106
3.3394
3.39263
3.45543
3.29893
3.33066
3.35483
3.3477
3.38739
3.36302
3.31219
3.22482
3.31537
3.17444
3.20483
3.27339
3.36156
3.18779
3.30341
3.34026
3.37359
3.11305
3.43714
3.35149
3.38089
3.42814
3.28581
3.48061
3.30368
3.40321
3.2012
3.37018
3.49154
3.31975
3.13831
3.2116
3.20776
3.39754
3.13802
3.21957
3.3293
3.31579
3.2782
3.36611
3.27146
3.14138
3.05731
3.51542
3.41048
3.09444
3.21247
3.13382
3.28339
3.29276
3.26957
3.46177
3.11768
3.35051
3.39013
3.1605
3.26721
3.27095
3.28512
3.16636
3.22925
3.39189
3.41543
3.30031
3.40788
3.25524
3.21757
3.27521
3.34423
3.4051
3.25066
3.26459
3.31456
3.36316
3.21077
3.13323
3.28447
3.45853
3.53218
3.26429
3.26837
3.2573
3.3656
3.37978
3.45748
3.45959
3.31522
3.27866
3.24912
3.22722
3.05894
3.21133
3.388
3.2865
3.1127
3.27773
3.43764
3.21426
3.43799
3.29215
3.12723
3.22465
3.31004
3.30169
3.4842
3.25031
3.27982
3.28362
3.4334
3.27938
3.36374
3.24679
3.30103
3.47582
3.45204
3.15116
3.15931
3.23885
3.49939
3.3649
3.53327
3.33256
3.27443
3.33973
3.43307
3.21735
3.31078
3.35492
3.27437
3.24512
3.40103
3.36968
3.41784
3.36935
3.3203
3.26636
3.33146
3.20751
3.22839
3.37914
3.25818
3.23601
3.36208
3.35944
3.33666
3.27002
3.3288
3.28266
3.34373
3.3864
3.20437
3.33173
3.09925
3.38463
3.33417
3.32547
3.14451
3.40564
3.22393
3.3078
3.36852
3.19273
3.1921
3.51488
3.32142
3.1331
3.31133
3.36898
3.24694
3.28824
3.24848
3.25953
3.13775
3.23848
3.26635
3.29159
3.3357
3.56096
3.39485
3.07293
3.10987
3.32374
3.47049
3.23976
3.18967
3.46763
3.31195
3.4071
3.23071
3.33058
3.35211
3.29854
3.23791
3.39055
3.35581
3.37582
3.22778
3.28193
3.13827
3.43884
3.26536
3.11642
3.35126
3.19369
3.18677
3.35219
3.17642
3.13061
3.26866
3.21053
3.45951
3.2627
3.31821
3.35894
3.23154
3.28941
3.32292
3.36893
3.30114
3.32924
3.33399
3.18649
3.47103
3.2772
3.31235
3.4045
3.1442
3.33003
3.15156
3.33024
3.32621
3.37274
3.29213
3.18139
3.24574
3.25969
3.29542
3.12643
3.32952
3.24187
3.36638
3.38399
3.26565
3.38396
3.24412
3.19586
3.27331
3.38145
3.17465
3.16425
3.37908
3.37831
3.26445
3.40568
3.22948
3.29356
3.35931
3.23439
3.24812
3.19669
3.29374
3.33236
3.34292
3.40703
3.28408
3.2351
3.3578
3.41912
3.36303
3.37157
3.35322
3.33468
3.49215
3.30624
3.29952
3.36112
3.33612
3.23759
3.34566
3.42363
3.21334
3.40985
3.17446
3.3246
3.25465
3.30869
3.1685
3.28241
3.2974
3.21518
3.15605
3.19927
3.27555
3.07711
3.25572
3.36746
3.31721
3.15507
3.19536
3.21447
3.26349
3.33667
3.21535
3.22144
3.49807
3.17395
3.48242
3.31395
3.39981
3.18189
3.35498
3.26238
3.22464
3.17626
3.30905
3.25206
3.44299
3.39001
3.40314
3.25358
3.19691
3.40084
3.32848
3.30089
3.41907
3.38606
3.25871
3.21411
3.19935
3.39361
3.23614
3.32746
3.35751
3.41595
3.14136
3.31069
3.37501
3.35511
3.20173
3.16718
3.21458
3.14569
3.1201
3.28833
3.40775
3.2924
3.37348
3.12809
3.40804
3.17682
3.29841
3.47959
3.48652
3.35927
3.3173
3.25243
3.24657
3.33352
3.41773
3.30761
3.32564
3.39404
3.22412
3.10347
3.15616
3.34939
3.2272
3.16421
3.43735
3.10567
3.15831
3.13986
3.18082
3.2383
3.45347
3.25201
3.35737
3.24778
3.43437
3.39515
3.28998
3.24995
3.20928
3.3694
3.40596
3.05699
3.24786
3.31895
3.2713
3.19125
3.40469
3.18646
3.21118
3.23814
3.27144
3.35214
3.28682
3.33764
3.24642
3.23445
3.33417
3.18005
3.35325
3.35789
3.26164
3.33984
3.19861
3.17996
3.22928
3.17239
3.09908
3.25677
3.26052
3.39281
3.3776
3.22807
3.42696
3.24808
3.37457
3.48842
3.16758
3.40908
3.32917
3.35428
3.27835
3.14379
3.41473
3.39582
3.20854
3.33858
3.40136
3.4193
3.43881
3.38998
3.38814
3.38731
3.23842
3.29189
3.15756
3.18586
3.31756
3.40825
3.36417
3.2264
3.30783
3.358
3.38081
3.51289
3.37798
3.24361
3.42656
3.37292
3.42128
3.4697
3.20465
3.38572
3.46669
3.27136
3.14465
3.44083
3.36662
3.25639
3.43715
3.35635
3.13045
3.37809
3.33054
3.30234
3.39964
3.36929
3.22017
3.32642
3.28944
3.35999
3.3748
3.40983
3.2254
3.37171
3.34254
3.39839
3.30075
3.41791
3.18274
3.40691
3.44965
3.39275
3.32307
3.09354
3.08395
3.36262
3.35677
3.4021
3.28652
3.34385
3.40255
3.18585
3.45052
3.24333
3.36877
3.26319
3.24557
3.27874
3.36649
3.38776
3.34709
3.34234
3.27452
3.26045
3.39802
3.27065
3.19294
3.33406
3.32105
3.16445
3.17639
3.28133
3.3876
3.39114
3.20318
3.373
3.41199
3.40569
3.26285
3.33339
3.159
3.38379
3.45744
3.29119
3.39632
3.22428
3.33139
3.25666
3.32379
3.1874
3.29116
3.52056
3.3215
3.24104
3.39474
3.36672
3.37786
3.27695
3.2703
3.38032
3.25035
3.4771
3.45303
3.31677
3.37813
3.12169
3.37823
3.44068
3.40406
3.24596
3.24047
3.272
3.37569
3.2312
3.41688
3.31751
3.26766
3.2796
3.40181
3.18521
3.34635
3.27562
3.27126
3.52748
3.4916
3.23943
3.1205
3.28068
3.40616
3.25129
3.30357
3.31931
3.19294
3.31838
3.23076
3.21513
3.15995
3.22721
3.22517
3.25304
3.22034
3.3717
3.43001
3.31723
3.11844
3.32372
3.15513
3.41881
3.31241
3.26161
3.30541
3.27419
3.40181
3.38538
3.2473
3.00828
3.41658
3.30291
3.29173
3.38125
3.48207
3.40085
3.37693
3.38503
3.15065
3.19877
3.40631
3.3711
3.39975
3.23717
3.36646
3.40808
3.29035
3.2274
3.32472
3.24932
3.23418
3.19435
3.43443
3.35591
3.21828
3.24824
3.26922
3.31904
3.37495
3.26087
3.35979
3.26231
3.17633
3.3212
3.20245
3.33286
3.08855
3.17328
3.15692
3.3902
3.29223
3.34047
3.17345
3.3174
3.40556
3.29241
3.18603
3.26906
3.38035
3.38117
3.40613
3.30773
3.41597
3.30676
3.25179
3.30196
3.2454
3.32021
3.2173
3.26899
3.17839
3.29992
3.17676
3.17339
3.45176
3.43952
3.46598
3.32937
3.21777
3.22959
3.43654
3.39923
3.14231
3.54855
3.37344
3.29509
3.26705
3.26407
3.37441
3.30358
3.37572
3.20531
3.16812
3.15699
3.23497
2.97787
3.35416
3.14911
3.26354
3.23935
3.43576
3.28819
3.44541
3.32756
3.19816
3.19897
3.45071
3.34376
3.24806
3.42083
3.14371
3.45451
3.19243
3.4382
3.29145
3.12451
3.31529
3.30401
3.31682
3.27232
3.21046
3.41391
3.55155
3.28472
3.26608
3.37493
3.24965
3.33447
3.36585
3.36493
3.249
3.19212
3.32997
3.32047
3.2923
3.29035
3.26808
3.31637
3.36778
3.46654
3.03856
3.30689
3.29266
3.44236
3.46957
3.39694
3.31914
3.20359
3.30249
3.2083
3.51345
3.2708
3.29119
3.39997
3.29045
3.34109
3.20733
3.21085
3.30952
3.29039
3.4077
3.37516
3.36157
3.27194
3.38534
3.40167
3.26926
3.33752
3.28116
3.14777
3.49696
3.21402
3.44424
3.36297
3.21836
3.23447
3.24265
3.35133
3.33122
3.38764
3.15311
3.37897
3.2241
3.42816
3.29565
3.40034
3.31111
3.33736
3.29991
3.24057
3.14028
3.38564
3.32751
3.50363
3.25995
3.3049
3.11582
3.37967
3.12724
3.47971
3.33784
3.2323
3.15237
3.26563
3.40784
3.42255
3.28574
3.41006
3.35898
3.40705
3.30898
3.32303
3.22874
3.33679
3.19789
3.27319
3.438
3.21722
3.25029
3.09467
3.13991
3.28426
3.25314
3.37638
3.40295
3.32186
3.33467
3.50555
3.37628
3.19511
3.26236
3.29339
3.43574
3.18002
3.27354
3.29139
3.34017
3.35981
3.1384
3.377
3.34681
3.27814
3.19331
3.11883
3.29192
3.28323
3.34327
3.17692
3.24342
3.31216
3.3498
3.35532
3.38508
3.37023
3.35038
3.48418
3.27577
3.32296
3.40669
3.23385
3.21324
3.40959
3.2996
3.30839
3.24068
3.29384
3.36869
3.27613
3.25515
3.20909
3.15699
3.26789
3.12346
3.33399
3.22837
3.4779
3.27138
3.34321
3.23266
3.47038
3.08598
3.3486
3.25358
3.35652
3.32097
3.32692
3.34011
3.40289
3.34387
3.21149
3.28498
3.26703
3.12203
3.32519
3.2915
3.21446
3.35911
3.22289
3.33354
3.30075
3.19574
3.29153
3.45803
3.32142
3.43697
3.35641
3.44832
3.34546
3.16783
3.33283
3.33122
3.23215
3.25537
3.18396
3.24218
3.19108
3.23467
3.25951
3.26551
3.26735
3.31642
3.53228
3.35553
3.1918
3.20541
3.30776
3.35376
3.33811
3.46788
3.17626
3.52197
3.28877
3.44658
3.22991
3.20943
3.2743
3.32142
3.33149
3.29663
3.26692
3.28801
3.33175
3.41231
3.32228
3.31016
3.34192
3.20842
3.41884
3.14597
3.21584
3.38181
3.31323
3.31424
3.50433
3.34549
3.23322
3.34678
3.21757
3.15376
3.10018
3.16302
3.34162
3.39637
3.28801
3.14811
3.23436
3.23054
3.38914
3.34738
3.37609
3.27147
3.15081
3.50805
3.42202
3.30482
3.4007
3.33866
3.22626
3.23973
3.29121
3.35062
3.34418
3.26298
3.29297
3.18877
3.37484
3.16946
3.16037
3.33095
3.31181
3.37409
3.34718
3.37344
3.31131
3.21788
3.305
3.1932
3.18506
3.35997
3.21709
3.30364
3.46807
3.29562
3.3396
3.45218
3.34758
3.4152
3.14748
3.20053
3.30022
3.56894
3.26132
3.23301
3.14981
3.19966
3.15436
3.17001
3.31423
3.32796
3.38358
3.19381
3.10093
3.27326
3.40183
3.34383
3.43581
3.30945
3.39618
3.37895
3.24806
3.26218
3.4116
3.16737
3.29699
3.22594
3.26128
3.36793
3.36485
3.22397
3.29207
3.38272
3.34288
3.18687
3.29489
3.38657
3.4041
3.17051
3.28403
3.50302
3.33987
3.11362
3.18008
3.20604
3.27624
3.23563
3.11059
3.13461
3.24291
3.50146
3.41568
3.07408
3.34282
3.11342
3.30339
3.42285
3.37894
3.34066
3.25821
3.31195
3.33374
3.27172
3.31264
3.35561
3.37056
3.14449
3.26689
3.26583
3.32249
3.27943
3.32639
3.19075
3.44246
3.31921
3.27031
3.20316
3.21816
3.37961
3.18481
3.28578
3.20154
3.21167
3.24347
3.46026
3.17067
3.44031
3.37226
3.54896
3.21793
3.42743
3.32776
3.29724
3.43859
3.34625
3.3236
3.32619
3.25344
3.29633
3.22879
3.43314
3.34516
3.18024
3.22327
3.23848
3.33621
3.33286
3.29691
3.39338
3.22763
3.33298
3.43821
3.27443
3.28258
3.40452
3.35703
3.1321
3.44653
3.2535
3.32434
3.23617
3.08817
3.46556
3.15879
3.09607
3.25671
3.15935
3.29439
3.24267
3.36955
3.39689
3.04827
3.26028
3.32733
3.20417
3.31964
3.17116
3.32468
3.47672
3.21565
3.33483
3.22424
3.3673
3.20754
3.25155
3.38207
3.29192
3.34256
3.32358
3.19239
3.14002
3.16896
3.21525
3.30667
3.21269
3.26895
3.23038
3.33032
3.18809
3.27968
3.19304
3.30394
3.38563
3.27228
3.25532
3.34357
3.2315
3.20127
3.3153
3.16499
3.0627
3.19462
3.20517
3.44982
3.35022
3.22902
3.20881
3.35998
3.30087
3.50141
3.36362
3.26282
3.32728
3.43446
3.24253
3.14841
3.3284
3.24507
3.30813
3.2495
3.49772
3.22259
3.16328
3.30399
3.1821
3.28792
3.15637
3.20116
3.32638
3.26016
3.48494
3.34475
3.12416
3.45608
3.37498
3.34532
3.2997
3.22475
3.39114
3.32538
3.11413
3.15425
3.27406
3.45405
3.27285
3.27437
3.4935
3.05882
3.25514
3.39771
3.26734
3.39455
3.25377
3.19499
3.26739
3.19039
3.20507
3.16477
3.34943
3.43117
3.34704
3.2679
3.33699
3.32907
3.1872
3.3312
3.26269
3.2357
3.25541
3.08517
3.2675
3.30173
3.40537
3.45527
3.28671
3.33923
3.39874
3.20272
3.13418
3.21487
3.3198
3.2395
3.33921
3.59178
3.3296
3.17902
3.22086
3.30824
3.32756
3.24342
3.27019
3.22168
3.53055
3.33249
3.31789
3.43135
3.32497
3.3875
3.23658
3.36044
3.43011
3.2959
3.32347
3.31378
3.22763
3.17118
3.3026
3.17387
3.31511
3.28402
3.19563
3.21669
3.319
3.34206
3.47997
3.28305
3.35512
3.32366
3.462
3.21908
3.21315
3.38915
3.25731
3.34518
3.45249
3.13947
3.4763
3.33447
3.24352
3.26893
3.43415
3.18713
3.26037
3.24551
3.34048
3.32113
3.30816
3.3676
3.18646
3.19492
3.28717
3.40535
3.26434
3.41277
3.50137
3.22799
3.36732
3.34598
3.1302
3.2141
3.26418
3.24386
3.33505
3.21745
3.3566
3.49365
3.19392
3.38843
3.49674
3.27858
3.32157
3.31894
3.12406
3.25116
3.44509
3.32716
3.27538
3.25429
3.25292
3.3625
3.22026
3.39468
3.35343
3.46282
3.34653
3.20775
3.49657
3.27808
3.27335
3.27266
3.3882
3.38899
3.38584
3.45577
3.25185
3.37818
3.17646
3.30634
3.22198
3.38014
3.26731
3.34094
3.19033
3.22472
3.36775
3.40104
3.11823
3.24263
3.41937
3.38122
3.32697
3.3165
3.29046
3.20432
3.26865
3.22323
3.48049
3.37605
3.41497
3.37606
3.35602
3.40075
3.29855
3.16707
3.28794
3.27395
3.3335
3.24863
3.30656
3.24122
3.37298
3.33316
3.48944
3.35673
3.39387
3.28582
3.34815
3.40162
3.38262
3.23858
3.33801
3.19855
3.44337
3.1184
3.14992
3.20347
3.24675
3.30556
3.49175
3.25875
3.23327
3.46709
3.34192
3.18374
3.41275
3.15794
3.18839
3.31005
3.24193
3.38318
3.16525
3.21739
3.10599
3.23782
3.28333
3.24482
3.19919
3.26288
3.32259
3.24791
3.30432
3.28809
3.27955
3.52109
3.26143
3.19401
3.47695
3.36972
3.31121
3.4004
3.45452
3.2548
3.28304
3.29858
3.34801
3.2711
3.34076
3.35577
3.4152
3.2822
3.31243
3.25529
3.42035
3.34517
3.31847
3.47043
3.34563
3.28604
3.42857
3.52264
3.30477
3.36032
3.35167
3.30901
3.31931
3.38574
3.22828
3.2811
3.36569
3.4093
3.29753
3.35652
3.30902
3.2765
3.21904
3.23284
3.37156
3.3456
3.26763
3.28412
3.22838
3.24868
3.36108
3.3447
3.39058
3.33383
3.18553
3.11444
3.61452
3.35947
3.29391
3.27314
3.51287
3.2202
3.30309
3.29847
3.35393
3.42129
3.48973
3.33496
3.30455
3.30259
3.14273
3.20578
3.18372
3.26405
3.22008
3.27578
3.3529
3.13254
3.35479
3.30415
3.43808
3.23516
3.36469
3.44358
3.37501
3.39989
3.27084
3.29871
3.31408
3.12947
3.19134
3.32593
3.16089
3.32029
3.26534
3.2486
3.27199
3.06416
3.3467
3.26539
3.28164
3.43472
3.11853
3.54131
3.26039
3.27427
3.20328
3.32973
3.38359
3.2764
3.2969
3.36321
3.21917
3.26547
3.18002
3.13892
3.2158
3.26701
3.31612
3.2458
3.13165
3.33308
3.48539
3.19948
3.23945
3.30913
3.20552
3.26045
3.38801
3.31259
3.47403
3.37163
3.20358
3.22215
3.24479
3.42444
3.28916
3.26142
3.40759
3.34954
3.30437
3.06963
3.12618
3.45071
3.33125
3.27172
3.22673
3.28596
3.28366
3.3362
3.31431
3.34648
3.19014
3.34895
3.23277
3.263
3.25791
3.34324
3.24681
3.31631
3.25005
3.33426
3.18079
3.54395
3.36975
3.29395
3.2872
3.31933
3.19172
3.25508
3.27127
3.30543
3.27342
3.15814
3.29412
3.39492
3.54867
3.21392
3.27312
3.32969
3.28209
3.28584
3.40639
3.31569
3.30987
3.22755
3.25281
3.37985
3.23432
3.28756
3.2077
3.60681
3.17441
3.15085
3.28961
3.26727
3.2123
3.10104
3.27475
3.31787
3.33169
3.24949
3.31442
3.34277
3.29819
3.41775
3.36733
3.18039
3.29423
3.27202
3.26146
3.37848
3.36536
3.16141
3.20458
3.34774
3.31616
3.35397
3.25806
3.33289
3.43837
3.36108
3.24903
3.30137
3.19904
3.37675
3.26483
3.29049
3.43222
3.47031
3.17882
3.19049
3.32442
3.40347
3.13926
3.23611
3.12075
3.27934
3.36993
3.16136
3.39638
3.33573
3.34013
3.25851
3.33519
3.17368
3.26829
3.40116
3.34083
3.1758
3.10382
3.20398
3.27863
3.07146
3.26347
3.30218
3.36273
3.19886
3.2741
3.23474
3.36356
3.28529
3.27016
3.25019
3.19302
3.22286
3.25031
3.35486
3.30085
3.22214
3.09415
3.32287
3.36007
3.28522
3.38524
3.28269
3.30522
3.27172
3.26403
3.40755
3.30453
3.33443
3.14489
3.31395
3.29165
3.27913
3.38208
3.26342
3.3174
3.32952
3.21104
3.29497
3.29388
3.37491
3.18588
3.26795
3.3801
3.26944
3.31929
3.57109
3.41893
3.29229
3.31939
3.43339
3.24545
3.25862
3.50082
3.22533
3.15257
3.26732
3.30988
3.22114
3.31641
3.35741
3.14313
3.50339
3.42137
3.35626
3.29179
3.28718
3.35883
3.32506
3.44224
3.39403
3.29683
3.23759
3.49574
3.27097
3.24935
3.31175
3.22361
3.36977
3.30835
3.38058
3.3541
3.26539
3.14896
3.19492
3.3831
3.27121
3.35064
3.15188
3.40175
3.24603
3.59032
3.37824
3.27896
3.31466
3.1141
3.19667
3.51475
3.24262
3.28908
3.39661
3.29178
3.49359
3.41347
3.46903
3.2496
3.29911
3.04164
3.2917
3.48519
3.19896
3.49482
3.26934
3.32386
3.38894
3.36437
3.34279
3.35642
3.52729
3.33268
3.17179
3.3927
3.39376
3.21178
3.38599
3.44523
3.2907
3.20679
3.20718
3.14703
3.16951
3.28922
3.22703
3.32491
3.14533
3.19658
3.19237
3.28407
3.33674
3.31453
3.29264
3.27077
3.25269
3.27018
3.35957
3.16451
3.30514
3.25579
3.48231
3.15636
3.53041
3.15941
3.1206
3.28822
3.23235
3.26274
3.40909
3.43724
3.34762
3.3254
3.31687
3.42683
3.20227
3.37152
3.32026
3.39622
3.21822
3.34554
3.30049
3.19729
3.25726
3.28721
3.23073
3.24241
3.34085
3.31865
3.38061
3.32613
3.47346
3.31339
3.13563
3.24662
3.16859
3.2107
3.20855
3.21761
3.39248
3.17417
3.4036
3.35353
3.26109
3.26218
3.10807
3.28759
3.41528
3.24421
3.32434
3.20421
3.13952
3.22814
3.26918
3.18521
3.30742
3.4444
3.19399
3.46013
3.45185
3.2793
3.40392
3.46868
3.21554
3.33816
3.21145
3.46886
3.30983
3.45726
3.34195
3.37409
3.08657
3.39583
3.32681
3.2777
3.42329
3.41741
3.47126
3.40701
3.3208
3.397
3.306
3.36
3.24762
3.34895
3.24559
3.35874
3.47112
3.30686
3.26253
3.34693
3.30499
3.20946
3.31216
3.39355
3.40018
3.33047
3.31515
3.38359
3.33625
3.24085
3.3499
3.45268
3.46813
3.20505
3.30306
3.18831
3.24235
3.45546
3.33878
3.23373
3.24837
3.27786
3.34376
3.41946
3.46581
3.21632
3.25633
3.22741
3.35021
3.36002
3.39415
3.41915
3.23439
3.28521
3.43008
3.32717
3.29077
3.17408
3.24383
3.22972
3.43985
3.26128
3.38152
3.34266
3.30441
3.46213
3.1476
3.2644
3.33913
3.27117
3.20658
3.30409
3.35198
3.32093
3.24469
3.38473
3.44866
3.33079
3.19838
3.38092
3.3043
3.2271
3.40604
3.20226
3.28356
3.47779
3.44918
3.25984
3.42676
3.31654
3.08881
3.21623
3.33084
3.23977
3.34558
3.52828
3.2989
3.34384
3.2664
3.36678
3.17242
3.20464
3.30647
3.03104
3.39186
3.23126
3.26467
3.23159
3.24697
3.27221
3.23963
3.2301
3.29608
3.29457
3.46008
3.19128
3.21154
3.29335
3.49629
3.36019
3.4422
3.28859
3.41285
3.11354
3.279
3.27607
3.2158
3.26702
3.26471
3.33152
3.47694
2.99465
3.32715
3.37339
3.31696
3.22254
3.55376
3.07369
3.16403
3.35779
3.42298
3.33966
3.38271
3.30109
3.40991
3.40877
3.1309
3.41812
3.116
3.28228
3.20954
3.21702
3.36404
3.1823
3.38769
3.06502
3.09268
3.45815
3.26829
3.34155
3.16729
3.26637
3.45621
3.268
3.34065
3.30138
3.20765
3.29722
3.35256
3.23542
3.32583
3.31607
3.29155
3.37367
3.19396
3.39015
3.39689
3.14049
3.2823
3.36999
3.28147
3.59361
3.14204
3.11545
3.50373
3.38339
3.25964
3.23305
3.12989
3.19048
3.26019
3.02008
3.35438
3.4651
3.2874
3.2643
3.19312
3.32099
3.30752
3.4625
3.39418
3.3817
3.3345
3.22264
3.42051
3.1722
3.29954
3.24727
3.26744
3.30698
3.24353
3.16087
3.24767
3.50177
3.2117
3.2818
3.44562
3.27917
3.35031
3.31591
3.07198
3.34388
3.41254
3.45615
3.25435
3.33736
3.46118
3.39953
3.46185
3.42677
3.40641
3.34226
3.26624
3.36208
3.46735
3.16549
3.30314
3.36806
3.23585
3.36579
3.12551
3.2374
3.28343
3.44794
3.22258
3.24899
3.30693
3.20403
3.18985
3.13662
3.4836
3.28872
3.34114
3.24403
3.43454
3.41498
3.26242
3.18681
3.18255
3.3504
3.23965
3.32962
3.34346
3.27226
3.36628
3.37057
3.38134
3.35725
3.31326
3.22077
3.3737
3.35279
3.41217
3.33951
3.30806
3.36538
3.2805
3.24242
3.32661
3.16898
3.2528
3.19801
3.34454
3.06174
3.21484
3.3283
3.21883
3.20097
3.34187
3.38357
3.40664
3.39942
3.42814
3.35701
3.39547
3.32108
3.27453
3.27524
3.26313
3.28119
3.17511
3.34102
3.46596
3.38637
3.39678
3.17498
3.24152
3.33257
3.28148
3.14932
3.17854
3.34426
3.32105
3.52926
3.16488
3.4296
3.29674
3.21129
3.38417
3.30342
3.26125
3.24143
3.25782
3.37596
3.25781
3.29255
3.34535
3.15642
3.34609
3.19592
3.26549
3.27852
3.24921
3.41085
3.34244
3.35873
3.15668
3.27135
3.24448
3.20992
3.26653
3.25781
3.27733
3.08118
3.67066
3.31639
3.12633
3.2395
3.39737
3.29107
3.35062
3.39014
3.20859
3.39949
3.26647
3.23579
3.36205
3.18658
3.29346
3.23267
3.24586
3.20835
3.48247
3.31219
3.29311
3.22739
3.30859
3.16588
3.18021
3.16327
3.31375
3.38847
3.46506
3.18913
3.24508
3.27951
3.44057
2.92879
3.28579
3.25205
3.33543
3.36012
3.3144
3.28277
3.25891
3.29176
3.11941
3.39815
3.32227
3.31787
3.34009
3.37276
3.32367
3.05448
3.20584
3.28688
3.29924
3.25414
3.43741
3.19219
3.35241
3.31014
3.43543
3.25477
3.27277
3.34799
3.22576
3.43891
3.43985
3.31973
3.15472
3.40651
3.3562
3.17816
3.26897
3.3324
3.33311
3.35084
3.20266
3.33589
3.28471
3.23336
3.3606
3.33004
3.40707
3.33627
3.32892
3.33316
3.37585
3.14281
3.24554
3.53174
3.16725
3.41189
3.42998
3.47449
3.2024
3.17686
3.3683
3.28778
3.33224
3.36729
3.41718
3.34792
3.33487
3.5078
3.17675
3.38191
3.29574
3.31254
3.20816
3.30898
3.13096
3.35958
3.39938
3.13044
3.28149
3.3736
3.19272
3.36788
3.30189
3.28979
3.29783
3.32563
3.23996
3.29597
3.35596
3.28403
3.2324
3.23453
3.31672
3.26869
3.27974
3.38112
3.32066
3.3028
3.35202
3.2264
3.24488
3.34495
3.21615
3.31358
3.31124
3.33739
3.20301
3.32897
3.47177
3.21182
3.41064
3.43129
3.2497
3.18767
3.38121
3.26891
3.16215
3.25889
3.25874
3.27951
3.44713
3.25431
3.35953
3.34252
3.34626
3.31147
3.42955
3.45164
3.261
3.03879
3.44967
3.45765
3.34741
3.29724
3.18226
3.23457
3.16139
3.02901
3.23443
3.29856
3.34103
3.18924
3.23176
3.21811
3.40336
3.18311
3.32592
3.38786
3.23649
3.20732
3.40104
3.26248
3.14703
3.31897
3.27387
3.23926
3.43514
3.26592
3.18499
3.30201
3.31057
3.05278
3.38298
3.44074
3.12775
3.25036
3.47438
3.24301
3.36086
3.22053
3.3878
3.21955
3.44686
3.34822
3.31405
3.34897
3.30497
3.50169
2.99609
3.35955
3.27942
3.33981
3.26383
3.39074
3.2946
3.32274
3.19806
3.16494
3.33101
3.28843
3.26648
3.28141
3.35782
3.33405
3.18727
3.25951
3.23348
3.31082
3.11328
3.35709
3.26961
3.29542
3.25257
3.57748
3.3338
3.21875
3.19374
3.4347
3.49377
3.18525
3.17493
3.24022
3.51136
3.34769
3.20532
3.25736
3.13041
3.1253
3.32487
3.29625
3.3736
3.34562
3.40164
3.14458
3.49758
3.23282
3.37832
3.37157
3.26901
3.31037
3.26554
3.15946
3.37122
3.35496
3.3183
3.32074
3.41705
3.16508
3.07486
3.27939
3.35661
3.56498
3.34483
3.2453
3.27391
3.12932
3.42648
3.24554
3.32847
3.36462
3.29535
3.37912
3.2531
3.39403
3.28559
3.24996
3.17707
3.13482
3.50133
3.33002
3.23235
3.45853
3.32367
3.29471
3.42678
3.37162
3.29127
3.26391
3.13905
3.31694
3.30633
3.2719
3.50147
3.3834
3.38708
3.24464
3.225
3.37233
3.32597
3.37782
3.40383
3.20241
3.15754
3.41478
3.19716
3.15213
3.35755
3.31677
3.19749
3.37737
3.3829
3.37336
3.33288
3.355
3.32924
3.28268
3.20401
3.49871
3.35518
3.31416
3.39946
3.22198
3.35534
3.36854
3.34301
3.51213
3.36666
3.40265
3.33936
3.24419
3.22031
3.22331
3.34467
3.20397
3.30766
3.23407
3.29611
3.3243
3.24519
3.33097
3.44719
3.16776
3.25214
3.22043
3.54232
3.22643
3.41882
3.21244
3.3621
3.21486
3.35306
3.32526
3.37427
3.3693
3.2225
3.48325
3.2584
3.44876
3.33095
3.34584
3.37171
3.35673
3.31282
3.14883
3.41249
3.30948
3.24599
3.12743
3.25478
3.25483
3.49378
3.19656
3.29087
3.26214
3.13677
3.3276
3.40232
3.42239
3.43712
3.2205
3.17104
3.4245
3.45421
3.13977
3.19577
3.17815
3.28198
3.17154
3.39288
3.31156
3.41049
3.29594
3.3706
3.38451
3.29893
3.34318
3.29119
3.36856
3.21472
3.26854
3.35623
3.2743
3.40593
3.18781
3.22629
3.24447
3.30956
3.44436
3.35449
3.28678
3.15557
3.28663
3.32478
3.02895
3.41905
3.24617
3.29906
3.24437
3.41116
3.26604
3.20896
3.32004
3.30551
3.42168
3.41118
3.28306
3.46921
3.27994
3.19313
3.26963
3.34359
3.29351
3.31842
3.16529
3.20926
3.20323
3.37653
3.24104
3.42788
3.27755
3.29246
3.39591
3.37316
3.41979
3.30197
3.1447
3.22298
3.41199
3.2665
3.30596
3.49913
3.54285
3.18444
3.30079
3.33299
3.38299
3.38205
3.2631
3.43042
3.25756
3.28298
3.38835
3.13711
3.34587
3.42761
3.16018
3.40465
3.1473
3.47956
3.2556
3.13227
3.26563
3.2866
3.38727
3.12777
3.25193
3.26788
3.27876
3.3005
3.21072
3.30243
3.29167
3.40291
3.14773
3.28085
3.31935
3.38772
3.34514
3.40993
3.39103
3.34801
3.28211
3.43601
3.13729
3.13079
3.11332
3.41925
3.1879
3.25053
3.3246
3.33588
3.23157
3.19447
3.38679
3.40482
3.38274
3.37119
3.31522
3.18729
3.24097
3.17509
3.43574
3.21814
3.23667
3.4659
3.27882
3.31882
3.18725
3.23697
3.18519
3.47079
3.2743
3.21286
3.36755
3.19143
3.3718
3.35954
3.32103
3.17296
3.46146
3.49558
3.18595
3.18582
3.27403
3.41472
3.23879
3.5204
3.33339
3.35786
3.3462
3.34504
3.51217
3.12852
3.23704
3.25265
3.17182
3.2832
3.32585
3.35561
3.40182
3.18073
3.42573
3.22913
3.29614
3.45831
3.40756
3.32548
3.09999
3.33984
3.28435
3.44414
3.12652
3.11561
3.27147
3.34477
3.33047
3.40993
3.17134
3.18588
3.15492
3.64183
3.2981
3.35493
3.16218
3.3725
3.37246
3.26304
3.32066
3.36962
3.27636
3.18909
3.34911
3.34454
3.24466
3.33766
3.19425
3.2175
3.33731
3.28192
3.5038
3.31363
3.2519
3.43488
3.26998
3.31382
3.36219
3.26826
3.46798
3.50612
3.17864
3.3275
3.31578
3.41659
3.37431
3.45076
3.2094
3.13298
3.37949
3.19722
3.19474
3.46481
3.34201
3.24986
3.15642
3.37567
3.38689
3.32117
3.24362
3.2803
3.40763
3.25939
3.35268
3.3028
3.44121
3.59577
3.18673
3.2596
3.3072
3.26534
3.08607
3.24712
3.4636
3.3987
3.48563
3.14239
3.14534
3.21988
3.22292
3.37719
3.40365
3.30457
3.21978
3.32379
3.47979
3.17641
3.2376
3.21938
3.14194
3.06687
3.38013
3.2675
3.42903
3.41305
3.3173
3.43457
3.23678
3.15165
3.15174
3.28133
3.31314
3.32006
3.33337
3.40623
3.39971
3.17366
3.10355
3.3917
3.39771
3.44098
3.66396
3.51106
3.40286
3.21113
3.4248
3.226
3.31041
3.16683
3.17817
3.38619
3.40738
3.43722
3.1885
3.40131
3.15798
3.17223
3.31712
3.3081
3.25123
3.32852
3.18075
3.47394
3.41858
3.26006
3.43426
3.30542
3.29417
3.35411
3.35131
3.25248
3.27626
3.33742
3.27993
3.45486
3.16262
3.24934
3.35161
3.3607
3.12112
3.54515
3.29011
3.37705
3.15217
3.38462
3.3402
3.2092
3.1941
3.32656
3.33874
3.19688
3.28346
3.25296
3.24722
3.28806
3.19327
3.34567
3.20239
3.4336
3.23089
3.30599
3.38576
3.31812
3.39623
3.32407
3.20682
3.30626
3.39751
3.31517
3.21202
3.40121
3.14873
3.30564
3.25075
3.3433
3.29089
3.13075
3.04531
3.23747
3.31963
3.38288
3.21088
3.29752
3.19778
3.172
3.31063
3.38534
3.26406
3.37965
3.22118
3.17834
3.29375
3.36154
3.11525
3.27275
3.3049
3.20017
3.1373
3.3646
3.21693
3.19962
3.31737
3.1806
3.32438
3.22993
3.35867
3.24427
3.35787
3.4394
3.38306
3.32442
3.17539
3.18425
3.41104
3.19531
3.26249
3.15633
3.06047
3.46112
3.31552
3.40119
3.23601
3.1414
3.32518
3.43297
3.20133
3.36733
3.39607
3.34662
3.30077
3.21973
3.25048
3.22578
3.28093
3.3326
3.23794
3.38731
3.21103
3.25329
3.43222
3.41391
3.32184
3.25662
3.31006
3.11411
3.26566
3.28487
3.23475
3.45553
3.2607
3.52296
3.20899
3.42269
3.26569
3.41192
3.27344
3.41337
3.47958
3.25668
3.35616
3.23673
3.14141
3.2739
3.29361
3.31435
3.26047
3.26127
3.46519
3.43936
3.38519
3.26821
3.425
3.32472
3.27602
3.34683
3.34283
3.17597
3.43647
3.21586
3.28677
3.26661
3.38551
3.44305
3.22943
3.27903
3.28725
3.17148
3.3807
3.34693
3.35539
3.22153
3.3873
3.32902
3.15023
3.37342
3.37251
3.29952
3.39523
3.31038
3.2668
3.31101
3.1751
3.29867
3.1977
3.43939
3.15259
3.18893
3.15972
3.27603
3.27995
3.32537
3.41945
3.30047
3.28788
3.17218
3.17353
3.52448
3.33075
3.40008
3.50223
3.19217
3.27953
3.38681
3.4023
3.16188
3.27534
3.20576
3.13355
3.28138
3.22323
3.26312
3.32599
3.35608
3.21676
3.37349
3.24492
3.26671
3.42626
3.32733
3.31632
3.24631
3.29454
3.02885
3.16738
3.46275
3.28403
3.33658
3.43992
3.4426
3.30869
3.24967
3.21179
3.44965
3.41885
3.42137
3.37948
3.35695
3.26764
3.22515
3.31777
3.2716
3.18201
3.25368
3.23781
3.29095
3.22763
3.1881
3.4042
3.26225
3.31079
3.21897
3.22786
3.34481
3.28105
3.28764
3.15714
3.38076
3.17848
3.27649
3.19181
3.37511
3.11132
3.30663
3.37768
3.26814
3.10206
3.33125
3.21452
3.18391
3.24738
3.35264
3.38164
3.09027
3.45818
3.0261
3.29538
3.32176
3.3061
3.28733
3.57173
3.33725
3.29669
3.23361
3.33206
3.38761
3.33883
3.25316
3.06327
3.22186
3.42121
3.30785
3.0969
3.13416
3.17637
3.19328
3.40328
3.36056
3.2587
3.42695
3.42209
3.22912
3.357
3.39421
3.1822
3.29488
3.39675
3.25023
3.19944
3.42031
3.306
3.47144
3.45308
3.123
3.30859
3.17994
3.28202
3.26988
3.41185
3.18382
3.15523
3.3707
3.46595
3.17409
3.40946
3.36382
3.33077
3.17366
3.27696
3.26076
3.19266
3.19729
3.15982
3.32201
3.32218
3.28553
3.35593
3.04275
3.39522
3.23751
3.35379
3.44524
3.25733
3.20662
3.30172
3.31243
3.20219
3.26636
3.20846
3.22288
3.31556
3.30871
3.26814
3.21305
3.26598
3.35534
3.12681
3.33049
3.42925
3.34558
3.39366
3.15295
3.2754
3.30196
3.26047
3.14148
3.48488
3.26218
3.38986
3.09312
3.13304
3.28406
3.28131
3.32383
3.32921
3.18943
3.27928
3.3796
3.23165
3.4607
3.32677
3.51671
3.36778
3.32467
3.27801
3.35394
3.36784
3.29235
3.34627
3.29722
3.26088
3.31334
3.27655
3.21353
3.21898
3.24563
3.31037
3.2212
3.2599
3.31355
3.33098
3.263
3.48183
3.36706
3.35358
3.31594
3.41635
3.26438
3.24247
3.51112
3.31264
3.42583
3.28334
3.15521
3.25225
3.53085
3.20587
3.27709
3.40933
3.20216
3.56296
3.43482
3.43689
3.37359
3.15029
3.40693
3.24791
3.29797
3.25196
3.24792
3.32006
3.24151
3.31952
3.33675
3.42076
3.09135
3.38238
3.4111
3.4726
3.3635
3.51721
3.25636
3.20927
3.20628
3.19434
3.33947
3.26993
3.30804
3.40452
3.33553
3.30915
3.21667
3.39068
3.21134
3.29184
3.48635
3.1837
3.2233
3.17884
3.28361
3.35752
3.24949
3.29386
3.43289
3.30486
3.3685
3.25541
3.12524
3.13355
3.26003
3.30181
3.26498
3.31639
3.2174
3.17577
3.2888
3.3974
3.21865
3.26782
3.33989
3.28024
3.18735
3.30446
3.15307
3.32766
3.33508
3.36587
3.1852
3.31125
3.46659
3.39973
3.29255
3.35947
3.31231
3.22417
3.3336
3.35092
3.25616
3.31509
3.22241
3.18132
3.36782
3.33659
3.257
3.20132
3.49657
3.50002
3.18827
3.3521
3.22056
3.37156
3.30626
3.13942
3.31201
3.35671
3.32231
3.31637
3.30456
3.32185
3.38682
3.31005
3.29572
3.36365
3.19589
3.28459
3.20769
3.30855
3.39011
3.27002
3.19129
3.29854
3.5026
3.27333
3.42995
3.26751
3.31869
3.36437
3.25785
3.18456
3.219
3.36712
3.09208
3.32109
3.4222
3.37748
3.43167
3.32063
3.45124
3.39497
3.36665
3.42939
3.42053
3.25965
3.32897
3.17731
3.42221
3.19049
3.31815
3.24318
3.17646
3.21976
3.30966
3.50162
3.27069
3.28132
3.22958
3.33997
3.28548
3.38411
3.4465
3.50802
3.2994
3.3248
3.27675
3.45999
3.23308
3.20144
3.34654
3.36261
3.366
3.21288
3.35907
3.24917
3.39272
3.24072
3.24709
3.38964
3.25053
3.28173
3.35219
3.25188
3.20364
3.19868
3.21208
3.33382
3.37064
3.29726
3.15225
3.27308
3.24839
3.25084
3.38874
3.1164
3.30608
3.2513
3.50286
3.29373
3.2635
3.24782
3.20331
3.29524
3.15732
3.33157
3.21279
3.3314
3.38307
3.24621
3.36251
3.16581
3.28125
3.49876
3.24127
3.16301
3.27521
3.32112
3.16291
3.22129
3.33662
3.27481
3.21661
3.20949
3.314
3.48936
3.12427
3.14701
3.1582
3.29071
3.19501
3.3518
3.28406
3.37621
3.42693
3.4491
3.46692
3.2651
3.32735
3.38802
3.12104
3.30106
3.26256
3.21521
3.20833
3.28427
3.23691
3.43087
3.03452
3.26154
3.2601
3.22434
3.2785
3.38528
3.32704
3.27417
3.16702
3.24779
3.23921
3.28072
3.26756
3.39926
3.24995
